1	1	7.000000000000000500e-008
2	2	7.000000000000000500e-008
3	3	7.000000000000000500e-008
4	4	7.000000000000000500e-008
5	5	7.000000000000000500e-008
6	6	7.000000000000000500e-008
7	7	7.000000000000000500e-008
8	8	7.000000000000000500e-008
9	9	7.000000000000000500e-008
10	10	7.000000000000000500e-008
11	11	7.000000000000000500e-008
12	12	7.000000000000000500e-008
13	13	7.000000000000000500e-008
14	14	7.000000000000000500e-008
15	15	7.000000000000000500e-008
16	16	7.000000000000000500e-008
17	17	7.000000000000000500e-008
18	18	7.000000000000000500e-008
19	19	7.000000000000000500e-008
20	20	7.000000000000000500e-008
21	21	7.000000000000000500e-008
22	22	7.000000000000000500e-008
23	23	7.000000000000000500e-008
24	24	7.000000000000000500e-008
25	25	7.000000000000000500e-008
26	26	7.000000000000000500e-008
27	27	7.000000000000000500e-008
28	28	7.000000000000000500e-008
29	29	7.000000000000000500e-008
30	30	7.000000000000000500e-008
31	31	7.000000000000000500e-008
32	32	7.000000000000000500e-008
33	33	7.000000000000000500e-008
34	34	7.000000000000000500e-008
35	35	7.000000000000000500e-008
36	36	7.000000000000000500e-008
37	37	7.000000000000000500e-008
38	38	7.000000000000000500e-008
39	39	7.000000000000000500e-008
40	40	7.000000000000000500e-008
41	41	7.000000000000000500e-008
42	42	7.000000000000000500e-008
43	43	7.000000000000000500e-008
44	44	7.000000000000000500e-008
45	45	7.000000000000000500e-008
46	46	7.000000000000000500e-008
47	47	7.000000000000000500e-008
48	48	7.000000000000000500e-008
49	49	7.000000000000000500e-008
50	50	7.000000000000000500e-008
51	51	7.000000000000000500e-008
52	52	7.000000000000000500e-008
53	53	7.000000000000000500e-008
54	54	7.000000000000000500e-008
55	55	7.000000000000000500e-008
56	56	7.000000000000000500e-008
57	57	7.000000000000000500e-008
58	58	7.000000000000000500e-008
59	59	7.000000000000000500e-008
60	60	7.000000000000000500e-008
61	61	7.000000000000000500e-008
62	62	7.000000000000000500e-008
63	63	7.000000000000000500e-008
64	64	7.000000000000000500e-008
65	65	7.000000000000000500e-008
66	66	7.000000000000000500e-008
67	67	7.000000000000000500e-008
68	68	7.000000000000000500e-008
69	69	7.000000000000000500e-008
70	70	7.000000000000000500e-008
71	71	7.000000000000000500e-008
72	72	7.000000000000000500e-008
73	73	7.000000000000000500e-008
74	74	7.000000000000000500e-008
75	75	7.000000000000000500e-008
76	76	7.000000000000000500e-008
77	77	7.000000000000000500e-008
78	78	7.000000000000000500e-008
79	79	7.000000000000000500e-008
80	80	7.000000000000000500e-008
81	81	7.000000000000000500e-008
82	82	7.000000000000000500e-008
83	83	7.000000000000000500e-008
84	84	7.000000000000000500e-008
85	85	7.000000000000000500e-008
86	86	7.000000000000000500e-008
87	87	7.000000000000000500e-008
88	88	7.000000000000000500e-008
89	89	7.000000000000000500e-008
90	90	7.000000000000000500e-008
91	91	7.000000000000000500e-008
92	92	7.000000000000000500e-008
93	93	7.000000000000000500e-008
94	94	7.000000000000000500e-008
95	95	7.000000000000000500e-008
96	96	7.000000000000000500e-008
97	97	7.000000000000000500e-008
98	98	7.000000000000000500e-008
99	99	7.000000000000000500e-008
100	100	7.000000000000000500e-008
101	101	7.000000000000000500e-008
102	102	7.000000000000000500e-008
103	103	7.000000000000000500e-008
104	104	7.000000000000000500e-008
105	105	7.000000000000000500e-008
106	106	7.000000000000000500e-008
107	107	7.000000000000000500e-008
108	108	7.000000000000000500e-008
109	109	7.000000000000000500e-008
110	110	7.000000000000000500e-008
111	111	7.000000000000000500e-008
112	112	7.000000000000000500e-008
113	113	7.000000000000000500e-008
114	114	7.000000000000000500e-008
115	115	7.000000000000000500e-008
116	116	7.000000000000000500e-008
117	117	7.000000000000000500e-008
118	118	7.000000000000000500e-008
119	119	7.000000000000000500e-008
120	120	7.000000000000000500e-008
121	121	7.000000000000000500e-008
122	122	7.000000000000000500e-008
123	123	7.000000000000000500e-008
124	124	7.000000000000000500e-008
125	125	7.000000000000000500e-008
126	126	7.000000000000000500e-008
127	127	7.000000000000000500e-008
128	128	7.000000000000000500e-008
129	129	7.000000000000000500e-008
130	130	7.000000000000000500e-008
131	131	7.000000000000000500e-008
132	132	7.000000000000000500e-008
133	133	7.000000000000000500e-008
134	134	7.000000000000000500e-008
135	135	7.000000000000000500e-008
136	136	7.000000000000000500e-008
137	137	7.000000000000000500e-008
138	138	7.000000000000000500e-008
139	139	7.000000000000000500e-008
140	140	7.000000000000000500e-008
141	141	7.000000000000000500e-008
142	142	7.000000000000000500e-008
143	143	7.000000000000000500e-008
144	144	7.000000000000000500e-008
145	145	7.000000000000000500e-008
146	146	7.000000000000000500e-008
147	147	7.000000000000000500e-008
148	148	7.000000000000000500e-008
149	149	7.000000000000000500e-008
150	150	7.000000000000000500e-008
151	151	7.000000000000000500e-008
152	152	7.000000000000000500e-008
153	153	7.000000000000000500e-008
154	154	7.000000000000000500e-008
155	155	7.000000000000000500e-008
156	156	7.000000000000000500e-008
157	157	7.000000000000000500e-008
158	158	7.000000000000000500e-008
159	159	7.000000000000000500e-008
160	160	7.000000000000000500e-008
161	161	7.000000000000000500e-008
162	162	7.000000000000000500e-008
163	163	7.000000000000000500e-008
164	164	7.000000000000000500e-008
165	165	7.000000000000000500e-008
166	166	7.000000000000000500e-008
167	167	7.000000000000000500e-008
168	168	7.000000000000000500e-008
169	169	7.000000000000000500e-008
170	170	7.000000000000000500e-008
171	171	7.000000000000000500e-008
172	172	7.000000000000000500e-008
173	173	7.000000000000000500e-008
174	174	7.000000000000000500e-008
175	175	7.000000000000000500e-008
176	176	7.000000000000000500e-008
177	177	7.000000000000000500e-008
178	178	7.000000000000000500e-008
179	179	7.000000000000000500e-008
180	180	7.000000000000000500e-008
181	181	7.000000000000000500e-008
182	182	7.000000000000000500e-008
183	183	7.000000000000000500e-008
184	184	7.000000000000000500e-008
185	185	7.000000000000000500e-008
186	186	7.000000000000000500e-008
187	187	7.000000000000000500e-008
188	188	7.000000000000000500e-008
189	189	7.000000000000000500e-008
190	190	7.000000000000000500e-008
191	191	7.000000000000000500e-008
192	192	7.000000000000000500e-008
193	193	7.000000000000000500e-008
194	194	7.000000000000000500e-008
195	195	7.000000000000000500e-008
196	196	7.000000000000000500e-008
197	197	7.000000000000000500e-008
198	198	7.000000000000000500e-008
199	199	7.000000000000000500e-008
200	200	7.000000000000000500e-008
201	201	7.000000000000000500e-008
202	202	7.000000000000000500e-008
203	203	7.000000000000000500e-008
204	204	7.000000000000000500e-008
205	205	7.000000000000000500e-008
206	206	7.000000000000000500e-008
207	207	7.000000000000000500e-008
208	208	7.000000000000000500e-008
209	209	7.000000000000000500e-008
210	210	7.000000000000000500e-008
211	211	7.000000000000000500e-008
212	212	7.000000000000000500e-008
213	213	7.000000000000000500e-008
214	214	7.000000000000000500e-008
215	215	7.000000000000000500e-008
216	216	7.000000000000000500e-008
217	217	7.000000000000000500e-008
218	218	7.000000000000000500e-008
219	219	7.000000000000000500e-008
220	220	7.000000000000000500e-008
221	221	7.000000000000000500e-008
222	222	7.000000000000000500e-008
223	223	7.000000000000000500e-008
224	224	7.000000000000000500e-008
225	225	7.000000000000000500e-008
226	226	7.000000000000000500e-008
227	227	7.000000000000000500e-008
228	228	7.000000000000000500e-008
229	229	7.000000000000000500e-008
230	230	7.000000000000000500e-008
231	231	7.000000000000000500e-008
232	232	7.000000000000000500e-008
233	233	7.000000000000000500e-008
234	234	7.000000000000000500e-008
235	235	7.000000000000000500e-008
236	236	7.000000000000000500e-008
237	237	7.000000000000000500e-008
238	238	7.000000000000000500e-008
239	239	7.000000000000000500e-008
240	240	7.000000000000000500e-008
241	241	7.000000000000000500e-008
242	242	7.000000000000000500e-008
243	243	7.000000000000000500e-008
244	244	7.000000000000000500e-008
245	245	7.000000000000000500e-008
246	246	7.000000000000000500e-008
247	247	7.000000000000000500e-008
248	248	7.000000000000000500e-008
249	249	7.000000000000000500e-008
250	250	7.000000000000000500e-008
251	251	7.000000000000000500e-008
252	252	7.000000000000000500e-008
253	253	7.000000000000000500e-008
254	254	7.000000000000000500e-008
255	255	7.000000000000000500e-008
1	256	1.500000000000000000e+000
4	256	1.000000000000000000e+000
16	256	-1.500000000000000000e+000
19	256	1.000000000000000000e+000
256	256	-7.000000000000000500e-008
2	257	1.500000000000000000e+000
5	257	1.000000000000000000e+000
17	257	-1.500000000000000000e+000
20	257	1.000000000000000000e+000
257	257	-7.000000000000000500e-008
3	258	1.500000000000000000e+000
6	258	1.000000000000000000e+000
18	258	-1.500000000000000000e+000
21	258	1.000000000000000000e+000
258	258	-7.000000000000000500e-008
4	259	1.500000000000000000e+000
7	259	1.000000000000000000e+000
19	259	-1.500000000000000000e+000
22	259	1.000000000000000000e+000
259	259	-7.000000000000000500e-008
5	260	1.500000000000000000e+000
8	260	1.000000000000000000e+000
20	260	-1.500000000000000000e+000
23	260	1.000000000000000000e+000
260	260	-7.000000000000000500e-008
6	261	1.500000000000000000e+000
9	261	1.000000000000000000e+000
21	261	-1.500000000000000000e+000
24	261	1.000000000000000000e+000
261	261	-7.000000000000000500e-008
7	262	1.500000000000000000e+000
10	262	1.000000000000000000e+000
22	262	-1.500000000000000000e+000
25	262	1.000000000000000000e+000
262	262	-7.000000000000000500e-008
8	263	1.500000000000000000e+000
11	263	1.000000000000000000e+000
23	263	-1.500000000000000000e+000
26	263	1.000000000000000000e+000
263	263	-7.000000000000000500e-008
9	264	1.500000000000000000e+000
12	264	1.000000000000000000e+000
24	264	-1.500000000000000000e+000
27	264	1.000000000000000000e+000
264	264	-7.000000000000000500e-008
7	265	-3.240000000000000200e+000
10	265	-1.020000000000000000e+000
13	265	3.240000000000000200e+000
22	265	-3.240000000000000200e+000
25	265	-4.019999999999999600e+000
28	265	3.240000000000000200e+000
265	265	-7.000000000000000500e-008
8	266	-2.889999999999999700e+000
11	266	-3.360000000000000800e-001
14	266	3.005599999999999800e+000
23	266	-2.889999999999999700e+000
26	266	-3.336000000000000300e+000
29	266	3.005599999999999800e+000
266	266	-7.000000000000000500e-008
9	267	-3.240000000000000200e+000
12	267	-1.020000000000000000e+000
15	267	3.240000000000000200e+000
24	267	-3.240000000000000200e+000
27	267	-4.019999999999999600e+000
30	267	3.240000000000000200e+000
267	267	-7.000000000000000500e-008
16	268	1.500000000000000000e+000
19	268	1.000000000000000000e+000
31	268	-1.500000000000000000e+000
34	268	1.000000000000000000e+000
268	268	-7.000000000000000500e-008
17	269	1.500000000000000000e+000
20	269	1.000000000000000000e+000
32	269	-1.500000000000000000e+000
35	269	1.000000000000000000e+000
269	269	-7.000000000000000500e-008
18	270	1.500000000000000000e+000
21	270	1.000000000000000000e+000
33	270	-1.500000000000000000e+000
36	270	1.000000000000000000e+000
270	270	-7.000000000000000500e-008
19	271	1.500000000000000000e+000
22	271	1.000000000000000000e+000
34	271	-1.500000000000000000e+000
37	271	1.000000000000000000e+000
271	271	-7.000000000000000500e-008
20	272	1.500000000000000000e+000
23	272	1.000000000000000000e+000
35	272	-1.500000000000000000e+000
38	272	1.000000000000000000e+000
272	272	-7.000000000000000500e-008
21	273	1.500000000000000000e+000
24	273	1.000000000000000000e+000
36	273	-1.500000000000000000e+000
39	273	1.000000000000000000e+000
273	273	-7.000000000000000500e-008
22	274	1.500000000000000000e+000
25	274	1.000000000000000000e+000
37	274	-1.500000000000000000e+000
40	274	1.000000000000000000e+000
274	274	-7.000000000000000500e-008
23	275	1.500000000000000000e+000
26	275	1.000000000000000000e+000
38	275	-1.500000000000000000e+000
41	275	1.000000000000000000e+000
275	275	-7.000000000000000500e-008
24	276	1.500000000000000000e+000
27	276	1.000000000000000000e+000
39	276	-1.500000000000000000e+000
42	276	1.000000000000000000e+000
276	276	-7.000000000000000500e-008
22	277	-3.240000000000000200e+000
25	277	-1.020000000000000000e+000
28	277	3.240000000000000200e+000
37	277	-3.240000000000000200e+000
40	277	-4.019999999999999600e+000
43	277	3.240000000000000200e+000
277	277	-7.000000000000000500e-008
23	278	-2.889999999999999700e+000
26	278	-3.360000000000000800e-001
29	278	3.005599999999999800e+000
38	278	-2.889999999999999700e+000
41	278	-3.336000000000000300e+000
44	278	3.005599999999999800e+000
278	278	-7.000000000000000500e-008
24	279	-3.240000000000000200e+000
27	279	-1.020000000000000000e+000
30	279	3.240000000000000200e+000
39	279	-3.240000000000000200e+000
42	279	-4.019999999999999600e+000
45	279	3.240000000000000200e+000
279	279	-7.000000000000000500e-008
31	280	1.500000000000000000e+000
34	280	1.000000000000000000e+000
46	280	-1.500000000000000000e+000
49	280	1.000000000000000000e+000
280	280	-7.000000000000000500e-008
32	281	1.500000000000000000e+000
35	281	1.000000000000000000e+000
47	281	-1.500000000000000000e+000
50	281	1.000000000000000000e+000
281	281	-7.000000000000000500e-008
33	282	1.500000000000000000e+000
36	282	1.000000000000000000e+000
48	282	-1.500000000000000000e+000
51	282	1.000000000000000000e+000
282	282	-7.000000000000000500e-008
34	283	1.500000000000000000e+000
37	283	1.000000000000000000e+000
49	283	-1.500000000000000000e+000
52	283	1.000000000000000000e+000
283	283	-7.000000000000000500e-008
35	284	1.500000000000000000e+000
38	284	1.000000000000000000e+000
50	284	-1.500000000000000000e+000
53	284	1.000000000000000000e+000
284	284	-7.000000000000000500e-008
36	285	1.500000000000000000e+000
39	285	1.000000000000000000e+000
51	285	-1.500000000000000000e+000
54	285	1.000000000000000000e+000
285	285	-7.000000000000000500e-008
37	286	1.500000000000000000e+000
40	286	1.000000000000000000e+000
52	286	-1.500000000000000000e+000
55	286	1.000000000000000000e+000
286	286	-7.000000000000000500e-008
38	287	1.500000000000000000e+000
41	287	1.000000000000000000e+000
53	287	-1.500000000000000000e+000
56	287	1.000000000000000000e+000
287	287	-7.000000000000000500e-008
39	288	1.500000000000000000e+000
42	288	1.000000000000000000e+000
54	288	-1.500000000000000000e+000
57	288	1.000000000000000000e+000
288	288	-7.000000000000000500e-008
37	289	-3.240000000000000200e+000
40	289	-1.020000000000000000e+000
43	289	3.240000000000000200e+000
52	289	-3.240000000000000200e+000
55	289	-4.019999999999999600e+000
58	289	3.240000000000000200e+000
289	289	-7.000000000000000500e-008
38	290	-2.889999999999999700e+000
41	290	-3.360000000000000800e-001
44	290	3.005599999999999800e+000
53	290	-2.889999999999999700e+000
56	290	-3.336000000000000300e+000
59	290	3.005599999999999800e+000
290	290	-7.000000000000000500e-008
39	291	-3.240000000000000200e+000
42	291	-1.020000000000000000e+000
45	291	3.240000000000000200e+000
54	291	-3.240000000000000200e+000
57	291	-4.019999999999999600e+000
60	291	3.240000000000000200e+000
291	291	-7.000000000000000500e-008
46	292	1.500000000000000000e+000
49	292	1.000000000000000000e+000
61	292	-1.500000000000000000e+000
64	292	1.000000000000000000e+000
292	292	-7.000000000000000500e-008
47	293	1.500000000000000000e+000
50	293	1.000000000000000000e+000
62	293	-1.500000000000000000e+000
65	293	1.000000000000000000e+000
293	293	-7.000000000000000500e-008
48	294	1.500000000000000000e+000
51	294	1.000000000000000000e+000
63	294	-1.500000000000000000e+000
66	294	1.000000000000000000e+000
294	294	-7.000000000000000500e-008
49	295	1.500000000000000000e+000
52	295	1.000000000000000000e+000
64	295	-1.500000000000000000e+000
67	295	1.000000000000000000e+000
295	295	-7.000000000000000500e-008
50	296	1.500000000000000000e+000
53	296	1.000000000000000000e+000
65	296	-1.500000000000000000e+000
68	296	1.000000000000000000e+000
296	296	-7.000000000000000500e-008
51	297	1.500000000000000000e+000
54	297	1.000000000000000000e+000
66	297	-1.500000000000000000e+000
69	297	1.000000000000000000e+000
297	297	-7.000000000000000500e-008
52	298	1.500000000000000000e+000
55	298	1.000000000000000000e+000
67	298	-1.500000000000000000e+000
70	298	1.000000000000000000e+000
298	298	-7.000000000000000500e-008
53	299	1.500000000000000000e+000
56	299	1.000000000000000000e+000
68	299	-1.500000000000000000e+000
71	299	1.000000000000000000e+000
299	299	-7.000000000000000500e-008
54	300	1.500000000000000000e+000
57	300	1.000000000000000000e+000
69	300	-1.500000000000000000e+000
72	300	1.000000000000000000e+000
300	300	-7.000000000000000500e-008
52	301	-3.240000000000000200e+000
55	301	-1.020000000000000000e+000
58	301	3.240000000000000200e+000
67	301	-3.240000000000000200e+000
70	301	-4.019999999999999600e+000
73	301	3.240000000000000200e+000
301	301	-7.000000000000000500e-008
53	302	-2.889999999999999700e+000
56	302	-3.360000000000000800e-001
59	302	3.005599999999999800e+000
68	302	-2.889999999999999700e+000
71	302	-3.336000000000000300e+000
74	302	3.005599999999999800e+000
302	302	-7.000000000000000500e-008
54	303	-3.240000000000000200e+000
57	303	-1.020000000000000000e+000
60	303	3.240000000000000200e+000
69	303	-3.240000000000000200e+000
72	303	-4.019999999999999600e+000
75	303	3.240000000000000200e+000
303	303	-7.000000000000000500e-008
61	304	1.500000000000000000e+000
64	304	1.000000000000000000e+000
76	304	-1.500000000000000000e+000
79	304	1.000000000000000000e+000
304	304	-7.000000000000000500e-008
62	305	1.500000000000000000e+000
65	305	1.000000000000000000e+000
77	305	-1.500000000000000000e+000
80	305	1.000000000000000000e+000
305	305	-7.000000000000000500e-008
63	306	1.500000000000000000e+000
66	306	1.000000000000000000e+000
78	306	-1.500000000000000000e+000
81	306	1.000000000000000000e+000
306	306	-7.000000000000000500e-008
64	307	1.500000000000000000e+000
67	307	1.000000000000000000e+000
79	307	-1.500000000000000000e+000
82	307	1.000000000000000000e+000
307	307	-7.000000000000000500e-008
65	308	1.500000000000000000e+000
68	308	1.000000000000000000e+000
80	308	-1.500000000000000000e+000
83	308	1.000000000000000000e+000
308	308	-7.000000000000000500e-008
66	309	1.500000000000000000e+000
69	309	1.000000000000000000e+000
81	309	-1.500000000000000000e+000
84	309	1.000000000000000000e+000
309	309	-7.000000000000000500e-008
67	310	1.500000000000000000e+000
70	310	1.000000000000000000e+000
82	310	-1.500000000000000000e+000
85	310	1.000000000000000000e+000
310	310	-7.000000000000000500e-008
68	311	1.500000000000000000e+000
71	311	1.000000000000000000e+000
83	311	-1.500000000000000000e+000
86	311	1.000000000000000000e+000
311	311	-7.000000000000000500e-008
69	312	1.500000000000000000e+000
72	312	1.000000000000000000e+000
84	312	-1.500000000000000000e+000
87	312	1.000000000000000000e+000
312	312	-7.000000000000000500e-008
67	313	-3.240000000000000200e+000
70	313	-1.020000000000000000e+000
73	313	3.240000000000000200e+000
82	313	-3.240000000000000200e+000
85	313	-4.019999999999999600e+000
88	313	3.240000000000000200e+000
313	313	-7.000000000000000500e-008
68	314	-2.889999999999999700e+000
71	314	-3.360000000000000800e-001
74	314	3.005599999999999800e+000
83	314	-2.889999999999999700e+000
86	314	-3.336000000000000300e+000
89	314	3.005599999999999800e+000
314	314	-7.000000000000000500e-008
69	315	-3.240000000000000200e+000
72	315	-1.020000000000000000e+000
75	315	3.240000000000000200e+000
84	315	-3.240000000000000200e+000
87	315	-4.019999999999999600e+000
90	315	3.240000000000000200e+000
315	315	-7.000000000000000500e-008
76	316	1.500000000000000000e+000
79	316	1.000000000000000000e+000
91	316	-1.500000000000000000e+000
94	316	1.000000000000000000e+000
316	316	-7.000000000000000500e-008
77	317	1.500000000000000000e+000
80	317	1.000000000000000000e+000
92	317	-1.500000000000000000e+000
95	317	1.000000000000000000e+000
317	317	-7.000000000000000500e-008
78	318	1.500000000000000000e+000
81	318	1.000000000000000000e+000
93	318	-1.500000000000000000e+000
96	318	1.000000000000000000e+000
318	318	-7.000000000000000500e-008
79	319	1.500000000000000000e+000
82	319	1.000000000000000000e+000
94	319	-1.500000000000000000e+000
97	319	1.000000000000000000e+000
319	319	-7.000000000000000500e-008
80	320	1.500000000000000000e+000
83	320	1.000000000000000000e+000
95	320	-1.500000000000000000e+000
98	320	1.000000000000000000e+000
320	320	-7.000000000000000500e-008
81	321	1.500000000000000000e+000
84	321	1.000000000000000000e+000
96	321	-1.500000000000000000e+000
99	321	1.000000000000000000e+000
321	321	-7.000000000000000500e-008
82	322	1.500000000000000000e+000
85	322	1.000000000000000000e+000
97	322	-1.500000000000000000e+000
100	322	1.000000000000000000e+000
322	322	-7.000000000000000500e-008
83	323	1.500000000000000000e+000
86	323	1.000000000000000000e+000
98	323	-1.500000000000000000e+000
101	323	1.000000000000000000e+000
323	323	-7.000000000000000500e-008
84	324	1.500000000000000000e+000
87	324	1.000000000000000000e+000
99	324	-1.500000000000000000e+000
102	324	1.000000000000000000e+000
324	324	-7.000000000000000500e-008
82	325	-3.240000000000000200e+000
85	325	-1.020000000000000000e+000
88	325	3.240000000000000200e+000
97	325	-3.240000000000000200e+000
100	325	-4.019999999999999600e+000
103	325	3.240000000000000200e+000
325	325	-7.000000000000000500e-008
83	326	-2.889999999999999700e+000
86	326	-3.360000000000000800e-001
89	326	3.005599999999999800e+000
98	326	-2.889999999999999700e+000
101	326	-3.336000000000000300e+000
104	326	3.005599999999999800e+000
326	326	-7.000000000000000500e-008
84	327	-3.240000000000000200e+000
87	327	-1.020000000000000000e+000
90	327	3.240000000000000200e+000
99	327	-3.240000000000000200e+000
102	327	-4.019999999999999600e+000
105	327	3.240000000000000200e+000
327	327	-7.000000000000000500e-008
91	328	1.500000000000000000e+000
94	328	1.000000000000000000e+000
106	328	-1.500000000000000000e+000
109	328	1.000000000000000000e+000
328	328	-7.000000000000000500e-008
92	329	1.500000000000000000e+000
95	329	1.000000000000000000e+000
107	329	-1.500000000000000000e+000
110	329	1.000000000000000000e+000
329	329	-7.000000000000000500e-008
93	330	1.500000000000000000e+000
96	330	1.000000000000000000e+000
108	330	-1.500000000000000000e+000
111	330	1.000000000000000000e+000
330	330	-7.000000000000000500e-008
94	331	1.500000000000000000e+000
97	331	1.000000000000000000e+000
109	331	-1.500000000000000000e+000
112	331	1.000000000000000000e+000
331	331	-7.000000000000000500e-008
95	332	1.500000000000000000e+000
98	332	1.000000000000000000e+000
110	332	-1.500000000000000000e+000
113	332	1.000000000000000000e+000
332	332	-7.000000000000000500e-008
96	333	1.500000000000000000e+000
99	333	1.000000000000000000e+000
111	333	-1.500000000000000000e+000
114	333	1.000000000000000000e+000
333	333	-7.000000000000000500e-008
97	334	1.500000000000000000e+000
100	334	1.000000000000000000e+000
112	334	-1.500000000000000000e+000
115	334	1.000000000000000000e+000
334	334	-7.000000000000000500e-008
98	335	1.500000000000000000e+000
101	335	1.000000000000000000e+000
113	335	-1.500000000000000000e+000
116	335	1.000000000000000000e+000
335	335	-7.000000000000000500e-008
99	336	1.500000000000000000e+000
102	336	1.000000000000000000e+000
114	336	-1.500000000000000000e+000
117	336	1.000000000000000000e+000
336	336	-7.000000000000000500e-008
97	337	-3.240000000000000200e+000
100	337	-1.020000000000000000e+000
103	337	3.240000000000000200e+000
112	337	-3.240000000000000200e+000
115	337	-4.019999999999999600e+000
118	337	3.240000000000000200e+000
337	337	-7.000000000000000500e-008
98	338	-2.889999999999999700e+000
101	338	-3.360000000000000800e-001
104	338	3.005599999999999800e+000
113	338	-2.889999999999999700e+000
116	338	-3.336000000000000300e+000
119	338	3.005599999999999800e+000
338	338	-7.000000000000000500e-008
99	339	-3.240000000000000200e+000
102	339	-1.020000000000000000e+000
105	339	3.240000000000000200e+000
114	339	-3.240000000000000200e+000
117	339	-4.019999999999999600e+000
120	339	3.240000000000000200e+000
339	339	-7.000000000000000500e-008
106	340	1.500000000000000000e+000
109	340	1.000000000000000000e+000
121	340	-1.500000000000000000e+000
124	340	1.000000000000000000e+000
340	340	-7.000000000000000500e-008
107	341	1.500000000000000000e+000
110	341	1.000000000000000000e+000
122	341	-1.500000000000000000e+000
125	341	1.000000000000000000e+000
341	341	-7.000000000000000500e-008
108	342	1.500000000000000000e+000
111	342	1.000000000000000000e+000
123	342	-1.500000000000000000e+000
126	342	1.000000000000000000e+000
342	342	-7.000000000000000500e-008
109	343	1.500000000000000000e+000
112	343	1.000000000000000000e+000
124	343	-1.500000000000000000e+000
127	343	1.000000000000000000e+000
343	343	-7.000000000000000500e-008
110	344	1.500000000000000000e+000
113	344	1.000000000000000000e+000
125	344	-1.500000000000000000e+000
128	344	1.000000000000000000e+000
344	344	-7.000000000000000500e-008
111	345	1.500000000000000000e+000
114	345	1.000000000000000000e+000
126	345	-1.500000000000000000e+000
129	345	1.000000000000000000e+000
345	345	-7.000000000000000500e-008
112	346	1.500000000000000000e+000
115	346	1.000000000000000000e+000
127	346	-1.500000000000000000e+000
130	346	1.000000000000000000e+000
346	346	-7.000000000000000500e-008
113	347	1.500000000000000000e+000
116	347	1.000000000000000000e+000
128	347	-1.500000000000000000e+000
131	347	1.000000000000000000e+000
347	347	-7.000000000000000500e-008
114	348	1.500000000000000000e+000
117	348	1.000000000000000000e+000
129	348	-1.500000000000000000e+000
132	348	1.000000000000000000e+000
348	348	-7.000000000000000500e-008
112	349	-3.240000000000000200e+000
115	349	-1.020000000000000000e+000
118	349	3.240000000000000200e+000
127	349	-3.240000000000000200e+000
130	349	-4.019999999999999600e+000
133	349	3.240000000000000200e+000
349	349	-7.000000000000000500e-008
113	350	-2.889999999999999700e+000
116	350	-3.360000000000000800e-001
119	350	3.005599999999999800e+000
128	350	-2.889999999999999700e+000
131	350	-3.336000000000000300e+000
134	350	3.005599999999999800e+000
350	350	-7.000000000000000500e-008
114	351	-3.240000000000000200e+000
117	351	-1.020000000000000000e+000
120	351	3.240000000000000200e+000
129	351	-3.240000000000000200e+000
132	351	-4.019999999999999600e+000
135	351	3.240000000000000200e+000
351	351	-7.000000000000000500e-008
121	352	1.500000000000000000e+000
124	352	1.000000000000000000e+000
136	352	-1.500000000000000000e+000
139	352	1.000000000000000000e+000
352	352	-7.000000000000000500e-008
122	353	1.500000000000000000e+000
125	353	1.000000000000000000e+000
137	353	-1.500000000000000000e+000
140	353	1.000000000000000000e+000
353	353	-7.000000000000000500e-008
123	354	1.500000000000000000e+000
126	354	1.000000000000000000e+000
138	354	-1.500000000000000000e+000
141	354	1.000000000000000000e+000
354	354	-7.000000000000000500e-008
124	355	1.500000000000000000e+000
127	355	1.000000000000000000e+000
139	355	-1.500000000000000000e+000
142	355	1.000000000000000000e+000
355	355	-7.000000000000000500e-008
125	356	1.500000000000000000e+000
128	356	1.000000000000000000e+000
140	356	-1.500000000000000000e+000
143	356	1.000000000000000000e+000
356	356	-7.000000000000000500e-008
126	357	1.500000000000000000e+000
129	357	1.000000000000000000e+000
141	357	-1.500000000000000000e+000
144	357	1.000000000000000000e+000
357	357	-7.000000000000000500e-008
127	358	1.500000000000000000e+000
130	358	1.000000000000000000e+000
142	358	-1.500000000000000000e+000
145	358	1.000000000000000000e+000
358	358	-7.000000000000000500e-008
128	359	1.500000000000000000e+000
131	359	1.000000000000000000e+000
143	359	-1.500000000000000000e+000
146	359	1.000000000000000000e+000
359	359	-7.000000000000000500e-008
129	360	1.500000000000000000e+000
132	360	1.000000000000000000e+000
144	360	-1.500000000000000000e+000
147	360	1.000000000000000000e+000
360	360	-7.000000000000000500e-008
127	361	-3.240000000000000200e+000
130	361	-1.020000000000000000e+000
133	361	3.240000000000000200e+000
142	361	-3.240000000000000200e+000
145	361	-4.019999999999999600e+000
148	361	3.240000000000000200e+000
361	361	-7.000000000000000500e-008
128	362	-2.889999999999999700e+000
131	362	-3.360000000000000800e-001
134	362	3.005599999999999800e+000
143	362	-2.889999999999999700e+000
146	362	-3.336000000000000300e+000
149	362	3.005599999999999800e+000
362	362	-7.000000000000000500e-008
129	363	-3.240000000000000200e+000
132	363	-1.020000000000000000e+000
135	363	3.240000000000000200e+000
144	363	-3.240000000000000200e+000
147	363	-4.019999999999999600e+000
150	363	3.240000000000000200e+000
363	363	-7.000000000000000500e-008
136	364	1.500000000000000000e+000
139	364	1.000000000000000000e+000
151	364	-1.500000000000000000e+000
154	364	1.000000000000000000e+000
364	364	-7.000000000000000500e-008
137	365	1.500000000000000000e+000
140	365	1.000000000000000000e+000
152	365	-1.500000000000000000e+000
155	365	1.000000000000000000e+000
365	365	-7.000000000000000500e-008
138	366	1.500000000000000000e+000
141	366	1.000000000000000000e+000
153	366	-1.500000000000000000e+000
156	366	1.000000000000000000e+000
366	366	-7.000000000000000500e-008
139	367	1.500000000000000000e+000
142	367	1.000000000000000000e+000
154	367	-1.500000000000000000e+000
157	367	1.000000000000000000e+000
367	367	-7.000000000000000500e-008
140	368	1.500000000000000000e+000
143	368	1.000000000000000000e+000
155	368	-1.500000000000000000e+000
158	368	1.000000000000000000e+000
368	368	-7.000000000000000500e-008
141	369	1.500000000000000000e+000
144	369	1.000000000000000000e+000
156	369	-1.500000000000000000e+000
159	369	1.000000000000000000e+000
369	369	-7.000000000000000500e-008
142	370	1.500000000000000000e+000
145	370	1.000000000000000000e+000
157	370	-1.500000000000000000e+000
160	370	1.000000000000000000e+000
370	370	-7.000000000000000500e-008
143	371	1.500000000000000000e+000
146	371	1.000000000000000000e+000
158	371	-1.500000000000000000e+000
161	371	1.000000000000000000e+000
371	371	-7.000000000000000500e-008
144	372	1.500000000000000000e+000
147	372	1.000000000000000000e+000
159	372	-1.500000000000000000e+000
162	372	1.000000000000000000e+000
372	372	-7.000000000000000500e-008
142	373	-3.240000000000000200e+000
145	373	-1.020000000000000000e+000
148	373	3.240000000000000200e+000
157	373	-3.240000000000000200e+000
160	373	-4.019999999999999600e+000
163	373	3.240000000000000200e+000
373	373	-7.000000000000000500e-008
143	374	-2.889999999999999700e+000
146	374	-3.360000000000000800e-001
149	374	3.005599999999999800e+000
158	374	-2.889999999999999700e+000
161	374	-3.336000000000000300e+000
164	374	3.005599999999999800e+000
374	374	-7.000000000000000500e-008
144	375	-3.240000000000000200e+000
147	375	-1.020000000000000000e+000
150	375	3.240000000000000200e+000
159	375	-3.240000000000000200e+000
162	375	-4.019999999999999600e+000
165	375	3.240000000000000200e+000
375	375	-7.000000000000000500e-008
151	376	1.500000000000000000e+000
154	376	1.000000000000000000e+000
166	376	-1.500000000000000000e+000
169	376	1.000000000000000000e+000
376	376	-7.000000000000000500e-008
152	377	1.500000000000000000e+000
155	377	1.000000000000000000e+000
167	377	-1.500000000000000000e+000
170	377	1.000000000000000000e+000
377	377	-7.000000000000000500e-008
153	378	1.500000000000000000e+000
156	378	1.000000000000000000e+000
168	378	-1.500000000000000000e+000
171	378	1.000000000000000000e+000
378	378	-7.000000000000000500e-008
154	379	1.500000000000000000e+000
157	379	1.000000000000000000e+000
169	379	-1.500000000000000000e+000
172	379	1.000000000000000000e+000
379	379	-7.000000000000000500e-008
155	380	1.500000000000000000e+000
158	380	1.000000000000000000e+000
170	380	-1.500000000000000000e+000
173	380	1.000000000000000000e+000
380	380	-7.000000000000000500e-008
156	381	1.500000000000000000e+000
159	381	1.000000000000000000e+000
171	381	-1.500000000000000000e+000
174	381	1.000000000000000000e+000
381	381	-7.000000000000000500e-008
157	382	1.500000000000000000e+000
160	382	1.000000000000000000e+000
172	382	-1.500000000000000000e+000
175	382	1.000000000000000000e+000
382	382	-7.000000000000000500e-008
158	383	1.500000000000000000e+000
161	383	1.000000000000000000e+000
173	383	-1.500000000000000000e+000
176	383	1.000000000000000000e+000
383	383	-7.000000000000000500e-008
159	384	1.500000000000000000e+000
162	384	1.000000000000000000e+000
174	384	-1.500000000000000000e+000
177	384	1.000000000000000000e+000
384	384	-7.000000000000000500e-008
157	385	-3.240000000000000200e+000
160	385	-1.020000000000000000e+000
163	385	3.240000000000000200e+000
172	385	-3.240000000000000200e+000
175	385	-4.019999999999999600e+000
178	385	3.240000000000000200e+000
385	385	-7.000000000000000500e-008
158	386	-2.889999999999999700e+000
161	386	-3.360000000000000800e-001
164	386	3.005599999999999800e+000
173	386	-2.889999999999999700e+000
176	386	-3.336000000000000300e+000
179	386	3.005599999999999800e+000
386	386	-7.000000000000000500e-008
159	387	-3.240000000000000200e+000
162	387	-1.020000000000000000e+000
165	387	3.240000000000000200e+000
174	387	-3.240000000000000200e+000
177	387	-4.019999999999999600e+000
180	387	3.240000000000000200e+000
387	387	-7.000000000000000500e-008
166	388	1.500000000000000000e+000
169	388	1.000000000000000000e+000
181	388	-1.500000000000000000e+000
184	388	1.000000000000000000e+000
388	388	-7.000000000000000500e-008
167	389	1.500000000000000000e+000
170	389	1.000000000000000000e+000
182	389	-1.500000000000000000e+000
185	389	1.000000000000000000e+000
389	389	-7.000000000000000500e-008
168	390	1.500000000000000000e+000
171	390	1.000000000000000000e+000
183	390	-1.500000000000000000e+000
186	390	1.000000000000000000e+000
390	390	-7.000000000000000500e-008
169	391	1.500000000000000000e+000
172	391	1.000000000000000000e+000
184	391	-1.500000000000000000e+000
187	391	1.000000000000000000e+000
391	391	-7.000000000000000500e-008
170	392	1.500000000000000000e+000
173	392	1.000000000000000000e+000
185	392	-1.500000000000000000e+000
188	392	1.000000000000000000e+000
392	392	-7.000000000000000500e-008
171	393	1.500000000000000000e+000
174	393	1.000000000000000000e+000
186	393	-1.500000000000000000e+000
189	393	1.000000000000000000e+000
393	393	-7.000000000000000500e-008
172	394	1.500000000000000000e+000
175	394	1.000000000000000000e+000
187	394	-1.500000000000000000e+000
190	394	1.000000000000000000e+000
394	394	-7.000000000000000500e-008
173	395	1.500000000000000000e+000
176	395	1.000000000000000000e+000
188	395	-1.500000000000000000e+000
191	395	1.000000000000000000e+000
395	395	-7.000000000000000500e-008
174	396	1.500000000000000000e+000
177	396	1.000000000000000000e+000
189	396	-1.500000000000000000e+000
192	396	1.000000000000000000e+000
396	396	-7.000000000000000500e-008
172	397	-3.240000000000000200e+000
175	397	-1.020000000000000000e+000
178	397	3.240000000000000200e+000
187	397	-3.240000000000000200e+000
190	397	-4.019999999999999600e+000
193	397	3.240000000000000200e+000
397	397	-7.000000000000000500e-008
173	398	-2.889999999999999700e+000
176	398	-3.360000000000000800e-001
179	398	3.005599999999999800e+000
188	398	-2.889999999999999700e+000
191	398	-3.336000000000000300e+000
194	398	3.005599999999999800e+000
398	398	-7.000000000000000500e-008
174	399	-3.240000000000000200e+000
177	399	-1.020000000000000000e+000
180	399	3.240000000000000200e+000
189	399	-3.240000000000000200e+000
192	399	-4.019999999999999600e+000
195	399	3.240000000000000200e+000
399	399	-7.000000000000000500e-008
181	400	1.500000000000000000e+000
184	400	1.000000000000000000e+000
196	400	-1.500000000000000000e+000
199	400	1.000000000000000000e+000
400	400	-7.000000000000000500e-008
182	401	1.500000000000000000e+000
185	401	1.000000000000000000e+000
197	401	-1.500000000000000000e+000
200	401	1.000000000000000000e+000
401	401	-7.000000000000000500e-008
183	402	1.500000000000000000e+000
186	402	1.000000000000000000e+000
198	402	-1.500000000000000000e+000
201	402	1.000000000000000000e+000
402	402	-7.000000000000000500e-008
184	403	1.500000000000000000e+000
187	403	1.000000000000000000e+000
199	403	-1.500000000000000000e+000
202	403	1.000000000000000000e+000
403	403	-7.000000000000000500e-008
185	404	1.500000000000000000e+000
188	404	1.000000000000000000e+000
200	404	-1.500000000000000000e+000
203	404	1.000000000000000000e+000
404	404	-7.000000000000000500e-008
186	405	1.500000000000000000e+000
189	405	1.000000000000000000e+000
201	405	-1.500000000000000000e+000
204	405	1.000000000000000000e+000
405	405	-7.000000000000000500e-008
187	406	1.500000000000000000e+000
190	406	1.000000000000000000e+000
202	406	-1.500000000000000000e+000
205	406	1.000000000000000000e+000
406	406	-7.000000000000000500e-008
188	407	1.500000000000000000e+000
191	407	1.000000000000000000e+000
203	407	-1.500000000000000000e+000
206	407	1.000000000000000000e+000
407	407	-7.000000000000000500e-008
189	408	1.500000000000000000e+000
192	408	1.000000000000000000e+000
204	408	-1.500000000000000000e+000
207	408	1.000000000000000000e+000
408	408	-7.000000000000000500e-008
187	409	-3.240000000000000200e+000
190	409	-1.020000000000000000e+000
193	409	3.240000000000000200e+000
202	409	-3.240000000000000200e+000
205	409	-4.019999999999999600e+000
208	409	3.240000000000000200e+000
409	409	-7.000000000000000500e-008
188	410	-2.889999999999999700e+000
191	410	-3.360000000000000800e-001
194	410	3.005599999999999800e+000
203	410	-2.889999999999999700e+000
206	410	-3.336000000000000300e+000
209	410	3.005599999999999800e+000
410	410	-7.000000000000000500e-008
189	411	-3.240000000000000200e+000
192	411	-1.020000000000000000e+000
195	411	3.240000000000000200e+000
204	411	-3.240000000000000200e+000
207	411	-4.019999999999999600e+000
210	411	3.240000000000000200e+000
411	411	-7.000000000000000500e-008
196	412	1.500000000000000000e+000
199	412	1.000000000000000000e+000
211	412	-1.500000000000000000e+000
214	412	1.000000000000000000e+000
412	412	-7.000000000000000500e-008
197	413	1.500000000000000000e+000
200	413	1.000000000000000000e+000
212	413	-1.500000000000000000e+000
215	413	1.000000000000000000e+000
413	413	-7.000000000000000500e-008
198	414	1.500000000000000000e+000
201	414	1.000000000000000000e+000
213	414	-1.500000000000000000e+000
216	414	1.000000000000000000e+000
414	414	-7.000000000000000500e-008
199	415	1.500000000000000000e+000
202	415	1.000000000000000000e+000
214	415	-1.500000000000000000e+000
217	415	1.000000000000000000e+000
415	415	-7.000000000000000500e-008
200	416	1.500000000000000000e+000
203	416	1.000000000000000000e+000
215	416	-1.500000000000000000e+000
218	416	1.000000000000000000e+000
416	416	-7.000000000000000500e-008
201	417	1.500000000000000000e+000
204	417	1.000000000000000000e+000
216	417	-1.500000000000000000e+000
219	417	1.000000000000000000e+000
417	417	-7.000000000000000500e-008
202	418	1.500000000000000000e+000
205	418	1.000000000000000000e+000
217	418	-1.500000000000000000e+000
220	418	1.000000000000000000e+000
418	418	-7.000000000000000500e-008
203	419	1.500000000000000000e+000
206	419	1.000000000000000000e+000
218	419	-1.500000000000000000e+000
221	419	1.000000000000000000e+000
419	419	-7.000000000000000500e-008
204	420	1.500000000000000000e+000
207	420	1.000000000000000000e+000
219	420	-1.500000000000000000e+000
222	420	1.000000000000000000e+000
420	420	-7.000000000000000500e-008
202	421	-3.240000000000000200e+000
205	421	-1.020000000000000000e+000
208	421	3.240000000000000200e+000
217	421	-3.240000000000000200e+000
220	421	-4.019999999999999600e+000
223	421	3.240000000000000200e+000
421	421	-7.000000000000000500e-008
203	422	-2.889999999999999700e+000
206	422	-3.360000000000000800e-001
209	422	3.005599999999999800e+000
218	422	-2.889999999999999700e+000
221	422	-3.336000000000000300e+000
224	422	3.005599999999999800e+000
422	422	-7.000000000000000500e-008
204	423	-3.240000000000000200e+000
207	423	-1.020000000000000000e+000
210	423	3.240000000000000200e+000
219	423	-3.240000000000000200e+000
222	423	-4.019999999999999600e+000
225	423	3.240000000000000200e+000
423	423	-7.000000000000000500e-008
211	424	1.500000000000000000e+000
214	424	1.000000000000000000e+000
226	424	-1.500000000000000000e+000
229	424	1.000000000000000000e+000
424	424	-7.000000000000000500e-008
212	425	1.500000000000000000e+000
215	425	1.000000000000000000e+000
227	425	-1.500000000000000000e+000
230	425	1.000000000000000000e+000
425	425	-7.000000000000000500e-008
213	426	1.500000000000000000e+000
216	426	1.000000000000000000e+000
228	426	-1.500000000000000000e+000
231	426	1.000000000000000000e+000
426	426	-7.000000000000000500e-008
214	427	1.500000000000000000e+000
217	427	1.000000000000000000e+000
229	427	-1.500000000000000000e+000
232	427	1.000000000000000000e+000
427	427	-7.000000000000000500e-008
215	428	1.500000000000000000e+000
218	428	1.000000000000000000e+000
230	428	-1.500000000000000000e+000
233	428	1.000000000000000000e+000
428	428	-7.000000000000000500e-008
216	429	1.500000000000000000e+000
219	429	1.000000000000000000e+000
231	429	-1.500000000000000000e+000
234	429	1.000000000000000000e+000
429	429	-7.000000000000000500e-008
217	430	1.500000000000000000e+000
220	430	1.000000000000000000e+000
232	430	-1.500000000000000000e+000
235	430	1.000000000000000000e+000
430	430	-7.000000000000000500e-008
218	431	1.500000000000000000e+000
221	431	1.000000000000000000e+000
233	431	-1.500000000000000000e+000
236	431	1.000000000000000000e+000
431	431	-7.000000000000000500e-008
219	432	1.500000000000000000e+000
222	432	1.000000000000000000e+000
234	432	-1.500000000000000000e+000
237	432	1.000000000000000000e+000
432	432	-7.000000000000000500e-008
217	433	-3.240000000000000200e+000
220	433	-1.020000000000000000e+000
223	433	3.240000000000000200e+000
232	433	-3.240000000000000200e+000
235	433	-4.019999999999999600e+000
238	433	3.240000000000000200e+000
433	433	-7.000000000000000500e-008
218	434	-2.889999999999999700e+000
221	434	-3.360000000000000800e-001
224	434	3.005599999999999800e+000
233	434	-2.889999999999999700e+000
236	434	-3.336000000000000300e+000
239	434	3.005599999999999800e+000
434	434	-7.000000000000000500e-008
219	435	-3.240000000000000200e+000
222	435	-1.020000000000000000e+000
225	435	3.240000000000000200e+000
234	435	-3.240000000000000200e+000
237	435	-4.019999999999999600e+000
240	435	3.240000000000000200e+000
435	435	-7.000000000000000500e-008
1	436	1.000000000000000000e+000
436	436	-7.000000000000000500e-008
2	437	1.000000000000000000e+000
437	437	-7.000000000000000500e-008
3	438	1.000000000000000000e+000
438	438	-7.000000000000000500e-008
4	439	1.000000000000000000e+000
439	439	-7.000000000000000500e-008
5	440	1.000000000000000000e+000
440	440	-7.000000000000000500e-008
6	441	1.000000000000000000e+000
441	441	-7.000000000000000500e-008
7	442	1.000000000000000000e+000
442	442	-7.000000000000000500e-008
8	443	1.000000000000000000e+000
443	443	-7.000000000000000500e-008
9	444	1.000000000000000000e+000
444	444	-7.000000000000000500e-008
10	445	1.000000000000000000e+000
445	445	-7.000000000000000500e-008
11	446	1.000000000000000000e+000
446	446	-7.000000000000000500e-008
12	447	1.000000000000000000e+000
447	447	-7.000000000000000500e-008
13	448	1.000000000000000000e+000
448	448	-7.000000000000000500e-008
14	449	1.000000000000000000e+000
449	449	-7.000000000000000500e-008
15	450	1.000000000000000000e+000
450	450	-7.000000000000000500e-008
226	451	1.000000000000000000e+000
451	451	-7.000000000000000500e-008
227	452	1.000000000000000000e+000
452	452	-7.000000000000000500e-008
228	453	1.000000000000000000e+000
453	453	-7.000000000000000500e-008
229	454	1.000000000000000000e+000
454	454	-7.000000000000000500e-008
230	455	1.000000000000000000e+000
455	455	-7.000000000000000500e-008
231	456	1.000000000000000000e+000
456	456	-7.000000000000000500e-008
232	457	1.000000000000000000e+000
457	457	-7.000000000000000500e-008
233	458	1.000000000000000000e+000
458	458	-7.000000000000000500e-008
234	459	1.000000000000000000e+000
459	459	-7.000000000000000500e-008
235	460	1.000000000000000000e+000
460	460	-7.000000000000000500e-008
236	461	1.000000000000000000e+000
461	461	-7.000000000000000500e-008
237	462	1.000000000000000000e+000
462	462	-7.000000000000000500e-008
238	463	1.000000000000000000e+000
463	463	-7.000000000000000500e-008
239	464	1.000000000000000000e+000
464	464	-7.000000000000000500e-008
240	465	1.000000000000000000e+000
465	465	-7.000000000000000500e-008
22	466	-1.000000000000000000e+000
466	466	-1.000000000000000000e+000
22	467	1.000000000000000000e+000
467	467	-1.000000000000000000e+000
23	468	-1.000000000000000000e+000
468	468	-1.000000000000000000e+000
23	469	1.000000000000000000e+000
469	469	-1.000000000000000000e+000
24	470	-1.000000000000000000e+000
470	470	-1.000000000000000000e+000
24	471	1.000000000000000000e+000
471	471	-1.000000000000000000e+000
37	472	-1.000000000000000000e+000
472	472	-1.000000000000000000e+000
37	473	1.000000000000000000e+000
473	473	-1.000000000000000000e+000
38	474	-1.000000000000000000e+000
474	474	-1.000000000000000000e+000
38	475	1.000000000000000000e+000
475	475	-1.000000000000000000e+000
39	476	-1.000000000000000000e+000
476	476	-1.000000000000000000e+000
39	477	1.000000000000000000e+000
477	477	-1.000000000000000000e+000
52	478	-1.000000000000000000e+000
478	478	-1.000000000000000000e+000
52	479	1.000000000000000000e+000
479	479	-1.000000000000000000e+000
53	480	-1.000000000000000000e+000
480	480	-1.000000000000000000e+000
53	481	1.000000000000000000e+000
481	481	-1.000000000000000000e+000
54	482	-1.000000000000000000e+000
482	482	-1.000000000000000000e+000
54	483	1.000000000000000000e+000
483	483	-1.000000000000000000e+000
67	484	-1.000000000000000000e+000
484	484	-1.000000000000000000e+000
67	485	1.000000000000000000e+000
485	485	-1.000000000000000000e+000
68	486	-1.000000000000000000e+000
486	486	-1.000000000000000000e+000
68	487	1.000000000000000000e+000
487	487	-1.000000000000000000e+000
69	488	-1.000000000000000000e+000
488	488	-1.000000000000000000e+000
69	489	1.000000000000000000e+000
489	489	-1.000000000000000000e+000
82	490	-1.000000000000000000e+000
490	490	-1.000000000000000000e+000
82	491	1.000000000000000000e+000
491	491	-1.000000000000000000e+000
83	492	-1.000000000000000000e+000
492	492	-1.000000000000000000e+000
83	493	1.000000000000000000e+000
493	493	-1.000000000000000000e+000
84	494	-1.000000000000000000e+000
494	494	-1.000000000000000000e+000
84	495	1.000000000000000000e+000
495	495	-1.000000000000000000e+000
97	496	-1.000000000000000000e+000
496	496	-1.000000000000000000e+000
97	497	1.000000000000000000e+000
497	497	-1.000000000000000000e+000
98	498	-1.000000000000000000e+000
498	498	-1.000000000000000000e+000
98	499	1.000000000000000000e+000
499	499	-1.000000000000000000e+000
99	500	-1.000000000000000000e+000
500	500	-1.000000000000000000e+000
99	501	1.000000000000000000e+000
501	501	-1.000000000000000000e+000
112	502	-1.000000000000000000e+000
502	502	-1.000000000000000000e+000
112	503	1.000000000000000000e+000
503	503	-1.000000000000000000e+000
113	504	-1.000000000000000000e+000
504	504	-1.000000000000000000e+000
113	505	1.000000000000000000e+000
505	505	-1.000000000000000000e+000
114	506	-1.000000000000000000e+000
506	506	-1.000000000000000000e+000
114	507	1.000000000000000000e+000
507	507	-1.000000000000000000e+000
127	508	-1.000000000000000000e+000
508	508	-1.000000000000000000e+000
127	509	1.000000000000000000e+000
509	509	-1.000000000000000000e+000
128	510	-1.000000000000000000e+000
510	510	-1.000000000000000000e+000
128	511	1.000000000000000000e+000
511	511	-1.000000000000000000e+000
129	512	-1.000000000000000000e+000
512	512	-1.000000000000000000e+000
129	513	1.000000000000000000e+000
513	513	-1.000000000000000000e+000
142	514	-1.000000000000000000e+000
514	514	-1.000000000000000000e+000
142	515	1.000000000000000000e+000
515	515	-1.000000000000000000e+000
143	516	-1.000000000000000000e+000
516	516	-1.000000000000000000e+000
143	517	1.000000000000000000e+000
517	517	-1.000000000000000000e+000
144	518	-1.000000000000000000e+000
518	518	-1.000000000000000000e+000
144	519	1.000000000000000000e+000
519	519	-1.000000000000000000e+000
157	520	-1.000000000000000000e+000
520	520	-1.000000000000000000e+000
157	521	1.000000000000000000e+000
521	521	-1.000000000000000000e+000
158	522	-1.000000000000000000e+000
522	522	-1.000000000000000000e+000
158	523	1.000000000000000000e+000
523	523	-1.000000000000000000e+000
159	524	-1.000000000000000000e+000
524	524	-1.000000000000000000e+000
159	525	1.000000000000000000e+000
525	525	-1.000000000000000000e+000
172	526	-1.000000000000000000e+000
526	526	-1.000000000000000000e+000
172	527	1.000000000000000000e+000
527	527	-1.000000000000000000e+000
173	528	-1.000000000000000000e+000
528	528	-1.000000000000000000e+000
173	529	1.000000000000000000e+000
529	529	-1.000000000000000000e+000
174	530	-1.000000000000000000e+000
530	530	-1.000000000000000000e+000
174	531	1.000000000000000000e+000
531	531	-1.000000000000000000e+000
187	532	-1.000000000000000000e+000
532	532	-1.000000000000000000e+000
187	533	1.000000000000000000e+000
533	533	-1.000000000000000000e+000
188	534	-1.000000000000000000e+000
534	534	-1.000000000000000000e+000
188	535	1.000000000000000000e+000
535	535	-1.000000000000000000e+000
189	536	-1.000000000000000000e+000
536	536	-1.000000000000000000e+000
189	537	1.000000000000000000e+000
537	537	-1.000000000000000000e+000
202	538	-1.000000000000000000e+000
538	538	-1.000000000000000000e+000
202	539	1.000000000000000000e+000
539	539	-1.000000000000000000e+000
203	540	-1.000000000000000000e+000
540	540	-1.000000000000000000e+000
203	541	1.000000000000000000e+000
541	541	-1.000000000000000000e+000
204	542	-1.000000000000000000e+000
542	542	-1.000000000000000000e+000
204	543	1.000000000000000000e+000
543	543	-1.000000000000000000e+000
217	544	-1.000000000000000000e+000
544	544	-1.000000000000000000e+000
217	545	1.000000000000000000e+000
545	545	-1.000000000000000000e+000
218	546	-1.000000000000000000e+000
546	546	-1.000000000000000000e+000
218	547	1.000000000000000000e+000
547	547	-1.000000000000000000e+000
219	548	-1.000000000000000000e+000
548	548	-1.000000000000000000e+000
219	549	1.000000000000000000e+000
549	549	-1.000000000000000000e+000
13	550	1.000000000000000000e+000
28	550	-1.000000000000000000e+000
550	550	-1.000000000000000000e+000
13	551	-1.000000000000000000e+000
28	551	1.000000000000000000e+000
551	551	-1.000000000000000000e+000
14	552	1.000000000000000000e+000
29	552	-1.000000000000000000e+000
552	552	-1.000000000000000000e+000
14	553	-1.000000000000000000e+000
29	553	1.000000000000000000e+000
553	553	-1.000000000000000000e+000
15	554	1.000000000000000000e+000
30	554	-1.000000000000000000e+000
554	554	-1.000000000000000000e+000
15	555	-1.000000000000000000e+000
30	555	1.000000000000000000e+000
555	555	-1.000000000000000000e+000
28	556	1.000000000000000000e+000
43	556	-1.000000000000000000e+000
556	556	-1.000000000000000000e+000
28	557	-1.000000000000000000e+000
43	557	1.000000000000000000e+000
557	557	-1.000000000000000000e+000
29	558	1.000000000000000000e+000
44	558	-1.000000000000000000e+000
558	558	-1.000000000000000000e+000
29	559	-1.000000000000000000e+000
44	559	1.000000000000000000e+000
559	559	-1.000000000000000000e+000
30	560	1.000000000000000000e+000
45	560	-1.000000000000000000e+000
560	560	-1.000000000000000000e+000
30	561	-1.000000000000000000e+000
45	561	1.000000000000000000e+000
561	561	-1.000000000000000000e+000
43	562	1.000000000000000000e+000
58	562	-1.000000000000000000e+000
562	562	-1.000000000000000000e+000
43	563	-1.000000000000000000e+000
58	563	1.000000000000000000e+000
563	563	-1.000000000000000000e+000
44	564	1.000000000000000000e+000
59	564	-1.000000000000000000e+000
564	564	-1.000000000000000000e+000
44	565	-1.000000000000000000e+000
59	565	1.000000000000000000e+000
565	565	-1.000000000000000000e+000
45	566	1.000000000000000000e+000
60	566	-1.000000000000000000e+000
566	566	-1.000000000000000000e+000
45	567	-1.000000000000000000e+000
60	567	1.000000000000000000e+000
567	567	-1.000000000000000000e+000
58	568	1.000000000000000000e+000
73	568	-1.000000000000000000e+000
568	568	-1.000000000000000000e+000
58	569	-1.000000000000000000e+000
73	569	1.000000000000000000e+000
569	569	-1.000000000000000000e+000
59	570	1.000000000000000000e+000
74	570	-1.000000000000000000e+000
570	570	-1.000000000000000000e+000
59	571	-1.000000000000000000e+000
74	571	1.000000000000000000e+000
571	571	-1.000000000000000000e+000
60	572	1.000000000000000000e+000
75	572	-1.000000000000000000e+000
572	572	-1.000000000000000000e+000
60	573	-1.000000000000000000e+000
75	573	1.000000000000000000e+000
573	573	-1.000000000000000000e+000
73	574	1.000000000000000000e+000
88	574	-1.000000000000000000e+000
574	574	-1.000000000000000000e+000
73	575	-1.000000000000000000e+000
88	575	1.000000000000000000e+000
575	575	-1.000000000000000000e+000
74	576	1.000000000000000000e+000
89	576	-1.000000000000000000e+000
576	576	-1.000000000000000000e+000
74	577	-1.000000000000000000e+000
89	577	1.000000000000000000e+000
577	577	-1.000000000000000000e+000
75	578	1.000000000000000000e+000
90	578	-1.000000000000000000e+000
578	578	-1.000000000000000000e+000
75	579	-1.000000000000000000e+000
90	579	1.000000000000000000e+000
579	579	-1.000000000000000000e+000
88	580	1.000000000000000000e+000
103	580	-1.000000000000000000e+000
580	580	-1.000000000000000000e+000
88	581	-1.000000000000000000e+000
103	581	1.000000000000000000e+000
581	581	-1.000000000000000000e+000
89	582	1.000000000000000000e+000
104	582	-1.000000000000000000e+000
582	582	-1.000000000000000000e+000
89	583	-1.000000000000000000e+000
104	583	1.000000000000000000e+000
583	583	-1.000000000000000000e+000
90	584	1.000000000000000000e+000
105	584	-1.000000000000000000e+000
584	584	-1.000000000000000000e+000
90	585	-1.000000000000000000e+000
105	585	1.000000000000000000e+000
585	585	-1.000000000000000000e+000
103	586	1.000000000000000000e+000
118	586	-1.000000000000000000e+000
586	586	-1.000000000000000000e+000
103	587	-1.000000000000000000e+000
118	587	1.000000000000000000e+000
587	587	-1.000000000000000000e+000
104	588	1.000000000000000000e+000
119	588	-1.000000000000000000e+000
588	588	-1.000000000000000000e+000
104	589	-1.000000000000000000e+000
119	589	1.000000000000000000e+000
589	589	-1.000000000000000000e+000
105	590	1.000000000000000000e+000
120	590	-1.000000000000000000e+000
590	590	-1.000000000000000000e+000
105	591	-1.000000000000000000e+000
120	591	1.000000000000000000e+000
591	591	-1.000000000000000000e+000
118	592	1.000000000000000000e+000
133	592	-1.000000000000000000e+000
592	592	-1.000000000000000000e+000
118	593	-1.000000000000000000e+000
133	593	1.000000000000000000e+000
593	593	-1.000000000000000000e+000
119	594	1.000000000000000000e+000
134	594	-1.000000000000000000e+000
594	594	-1.000000000000000000e+000
119	595	-1.000000000000000000e+000
134	595	1.000000000000000000e+000
595	595	-1.000000000000000000e+000
120	596	1.000000000000000000e+000
135	596	-1.000000000000000000e+000
596	596	-1.000000000000000000e+000
120	597	-1.000000000000000000e+000
135	597	1.000000000000000000e+000
597	597	-1.000000000000000000e+000
133	598	1.000000000000000000e+000
148	598	-1.000000000000000000e+000
598	598	-1.000000000000000000e+000
133	599	-1.000000000000000000e+000
148	599	1.000000000000000000e+000
599	599	-1.000000000000000000e+000
134	600	1.000000000000000000e+000
149	600	-1.000000000000000000e+000
600	600	-1.000000000000000000e+000
134	601	-1.000000000000000000e+000
149	601	1.000000000000000000e+000
601	601	-1.000000000000000000e+000
135	602	1.000000000000000000e+000
150	602	-1.000000000000000000e+000
602	602	-1.000000000000000000e+000
135	603	-1.000000000000000000e+000
150	603	1.000000000000000000e+000
603	603	-1.000000000000000000e+000
148	604	1.000000000000000000e+000
163	604	-1.000000000000000000e+000
604	604	-1.000000000000000000e+000
148	605	-1.000000000000000000e+000
163	605	1.000000000000000000e+000
605	605	-1.000000000000000000e+000
149	606	1.000000000000000000e+000
164	606	-1.000000000000000000e+000
606	606	-1.000000000000000000e+000
149	607	-1.000000000000000000e+000
164	607	1.000000000000000000e+000
607	607	-1.000000000000000000e+000
150	608	1.000000000000000000e+000
165	608	-1.000000000000000000e+000
608	608	-1.000000000000000000e+000
150	609	-1.000000000000000000e+000
165	609	1.000000000000000000e+000
609	609	-1.000000000000000000e+000
163	610	1.000000000000000000e+000
178	610	-1.000000000000000000e+000
610	610	-1.000000000000000000e+000
163	611	-1.000000000000000000e+000
178	611	1.000000000000000000e+000
611	611	-1.000000000000000000e+000
164	612	1.000000000000000000e+000
179	612	-1.000000000000000000e+000
612	612	-1.000000000000000000e+000
164	613	-1.000000000000000000e+000
179	613	1.000000000000000000e+000
613	613	-1.000000000000000000e+000
165	614	1.000000000000000000e+000
180	614	-1.000000000000000000e+000
614	614	-1.000000000000000000e+000
165	615	-1.000000000000000000e+000
180	615	1.000000000000000000e+000
615	615	-1.000000000000000000e+000
178	616	1.000000000000000000e+000
193	616	-1.000000000000000000e+000
616	616	-1.000000000000000000e+000
178	617	-1.000000000000000000e+000
193	617	1.000000000000000000e+000
617	617	-1.000000000000000000e+000
179	618	1.000000000000000000e+000
194	618	-1.000000000000000000e+000
618	618	-1.000000000000000000e+000
179	619	-1.000000000000000000e+000
194	619	1.000000000000000000e+000
619	619	-1.000000000000000000e+000
180	620	1.000000000000000000e+000
195	620	-1.000000000000000000e+000
620	620	-1.000000000000000000e+000
180	621	-1.000000000000000000e+000
195	621	1.000000000000000000e+000
621	621	-1.000000000000000000e+000
193	622	1.000000000000000000e+000
208	622	-1.000000000000000000e+000
622	622	-1.000000000000000000e+000
193	623	-1.000000000000000000e+000
208	623	1.000000000000000000e+000
623	623	-1.000000000000000000e+000
194	624	1.000000000000000000e+000
209	624	-1.000000000000000000e+000
624	624	-1.000000000000000000e+000
194	625	-1.000000000000000000e+000
209	625	1.000000000000000000e+000
625	625	-1.000000000000000000e+000
195	626	1.000000000000000000e+000
210	626	-1.000000000000000000e+000
626	626	-1.000000000000000000e+000
195	627	-1.000000000000000000e+000
210	627	1.000000000000000000e+000
627	627	-1.000000000000000000e+000
208	628	1.000000000000000000e+000
223	628	-1.000000000000000000e+000
628	628	-1.000000000000000000e+000
208	629	-1.000000000000000000e+000
223	629	1.000000000000000000e+000
629	629	-1.000000000000000000e+000
209	630	1.000000000000000000e+000
224	630	-1.000000000000000000e+000
630	630	-1.000000000000000000e+000
209	631	-1.000000000000000000e+000
224	631	1.000000000000000000e+000
631	631	-1.000000000000000000e+000
210	632	1.000000000000000000e+000
225	632	-1.000000000000000000e+000
632	632	-1.000000000000000000e+000
210	633	-1.000000000000000000e+000
225	633	1.000000000000000000e+000
633	633	-1.000000000000000000e+000
223	634	1.000000000000000000e+000
238	634	-1.000000000000000000e+000
634	634	-1.000000000000000000e+000
223	635	-1.000000000000000000e+000
238	635	1.000000000000000000e+000
635	635	-1.000000000000000000e+000
224	636	1.000000000000000000e+000
239	636	-1.000000000000000000e+000
636	636	-1.000000000000000000e+000
224	637	-1.000000000000000000e+000
239	637	1.000000000000000000e+000
637	637	-1.000000000000000000e+000
225	638	1.000000000000000000e+000
240	638	-1.000000000000000000e+000
638	638	-1.000000000000000000e+000
225	639	-1.000000000000000000e+000
240	639	1.000000000000000000e+000
639	639	-1.000000000000000000e+000
17	640	-1.000000000000000000e+000
640	640	-1.000000000000000000e+000
32	641	-1.000000000000000000e+000
641	641	-1.000000000000000000e+000
47	642	-1.000000000000000000e+000
642	642	-1.000000000000000000e+000
62	643	-1.000000000000000000e+000
643	643	-1.000000000000000000e+000
77	644	-1.000000000000000000e+000
644	644	-1.000000000000000000e+000
92	645	-1.000000000000000000e+000
645	645	-1.000000000000000000e+000
107	646	-1.000000000000000000e+000
646	646	-1.000000000000000000e+000
122	647	-1.000000000000000000e+000
647	647	-1.000000000000000000e+000
137	648	-1.000000000000000000e+000
648	648	-1.000000000000000000e+000
152	649	-1.000000000000000000e+000
649	649	-1.000000000000000000e+000
167	650	-1.000000000000000000e+000
650	650	-1.000000000000000000e+000
182	651	-1.000000000000000000e+000
651	651	-1.000000000000000000e+000
197	652	-1.000000000000000000e+000
652	652	-1.000000000000000000e+000
212	653	-1.000000000000000000e+000
653	653	-1.000000000000000000e+000
20	654	1.000000000000000000e+000
654	654	-1.000000000000000000e+000
35	655	1.000000000000000000e+000
655	655	-1.000000000000000000e+000
50	656	1.000000000000000000e+000
656	656	-1.000000000000000000e+000
65	657	1.000000000000000000e+000
657	657	-1.000000000000000000e+000
80	658	1.000000000000000000e+000
658	658	-1.000000000000000000e+000
95	659	1.000000000000000000e+000
659	659	-1.000000000000000000e+000
110	660	1.000000000000000000e+000
660	660	-1.000000000000000000e+000
125	661	1.000000000000000000e+000
661	661	-1.000000000000000000e+000
140	662	1.000000000000000000e+000
662	662	-1.000000000000000000e+000
155	663	1.000000000000000000e+000
663	663	-1.000000000000000000e+000
170	664	1.000000000000000000e+000
664	664	-1.000000000000000000e+000
185	665	1.000000000000000000e+000
665	665	-1.000000000000000000e+000
200	666	1.000000000000000000e+000
666	666	-1.000000000000000000e+000
215	667	1.000000000000000000e+000
667	667	-1.000000000000000000e+000
241	668	-5.000000000000000000e-001
668	668	-1.000000000000000000e+000
19	669	-1.000000000000000000e+000
668	669	-1.000000000000000000e+000
669	669	-1.000000000000000000e+000
21	670	-1.000000000000000000e+000
668	670	-1.000000000000000000e+000
669	670	-1.000000000000000000e+000
670	670	-1.000000000000000000e+000
241	671	5.000000000000000000e-001
668	671	-1.000000000000000000e+000
669	671	-1.000000000000000000e+000
670	671	-1.000000000000000000e+000
671	671	-1.000000000000000000e+000
242	672	-5.000000000000000000e-001
672	672	-1.000000000000000000e+000
34	673	-1.000000000000000000e+000
672	673	-1.000000000000000000e+000
673	673	-1.000000000000000000e+000
36	674	-1.000000000000000000e+000
672	674	-1.000000000000000000e+000
673	674	-1.000000000000000000e+000
674	674	-1.000000000000000000e+000
242	675	5.000000000000000000e-001
672	675	-1.000000000000000000e+000
673	675	-1.000000000000000000e+000
674	675	-1.000000000000000000e+000
675	675	-1.000000000000000000e+000
243	676	-5.000000000000000000e-001
676	676	-1.000000000000000000e+000
49	677	-1.000000000000000000e+000
676	677	-1.000000000000000000e+000
677	677	-1.000000000000000000e+000
51	678	-1.000000000000000000e+000
676	678	-1.000000000000000000e+000
677	678	-1.000000000000000000e+000
678	678	-1.000000000000000000e+000
243	679	5.000000000000000000e-001
676	679	-1.000000000000000000e+000
677	679	-1.000000000000000000e+000
678	679	-1.000000000000000000e+000
679	679	-1.000000000000000000e+000
244	680	-5.000000000000000000e-001
680	680	-1.000000000000000000e+000
64	681	-1.000000000000000000e+000
680	681	-1.000000000000000000e+000
681	681	-1.000000000000000000e+000
66	682	-1.000000000000000000e+000
680	682	-1.000000000000000000e+000
681	682	-1.000000000000000000e+000
682	682	-1.000000000000000000e+000
244	683	5.000000000000000000e-001
680	683	-1.000000000000000000e+000
681	683	-1.000000000000000000e+000
682	683	-1.000000000000000000e+000
683	683	-1.000000000000000000e+000
245	684	-5.000000000000000000e-001
684	684	-1.000000000000000000e+000
79	685	-1.000000000000000000e+000
684	685	-1.000000000000000000e+000
685	685	-1.000000000000000000e+000
81	686	-1.000000000000000000e+000
684	686	-1.000000000000000000e+000
685	686	-1.000000000000000000e+000
686	686	-1.000000000000000000e+000
245	687	5.000000000000000000e-001
684	687	-1.000000000000000000e+000
685	687	-1.000000000000000000e+000
686	687	-1.000000000000000000e+000
687	687	-1.000000000000000000e+000
246	688	-5.000000000000000000e-001
688	688	-1.000000000000000000e+000
94	689	-1.000000000000000000e+000
688	689	-1.000000000000000000e+000
689	689	-1.000000000000000000e+000
96	690	-1.000000000000000000e+000
688	690	-1.000000000000000000e+000
689	690	-1.000000000000000000e+000
690	690	-1.000000000000000000e+000
246	691	5.000000000000000000e-001
688	691	-1.000000000000000000e+000
689	691	-1.000000000000000000e+000
690	691	-1.000000000000000000e+000
691	691	-1.000000000000000000e+000
247	692	-5.000000000000000000e-001
692	692	-1.000000000000000000e+000
109	693	-1.000000000000000000e+000
692	693	-1.000000000000000000e+000
693	693	-1.000000000000000000e+000
111	694	-1.000000000000000000e+000
692	694	-1.000000000000000000e+000
693	694	-1.000000000000000000e+000
694	694	-1.000000000000000000e+000
247	695	5.000000000000000000e-001
692	695	-1.000000000000000000e+000
693	695	-1.000000000000000000e+000
694	695	-1.000000000000000000e+000
695	695	-1.000000000000000000e+000
248	696	-5.000000000000000000e-001
696	696	-1.000000000000000000e+000
124	697	-1.000000000000000000e+000
696	697	-1.000000000000000000e+000
697	697	-1.000000000000000000e+000
126	698	-1.000000000000000000e+000
696	698	-1.000000000000000000e+000
697	698	-1.000000000000000000e+000
698	698	-1.000000000000000000e+000
248	699	5.000000000000000000e-001
696	699	-1.000000000000000000e+000
697	699	-1.000000000000000000e+000
698	699	-1.000000000000000000e+000
699	699	-1.000000000000000000e+000
249	700	-5.000000000000000000e-001
700	700	-1.000000000000000000e+000
139	701	-1.000000000000000000e+000
700	701	-1.000000000000000000e+000
701	701	-1.000000000000000000e+000
141	702	-1.000000000000000000e+000
700	702	-1.000000000000000000e+000
701	702	-1.000000000000000000e+000
702	702	-1.000000000000000000e+000
249	703	5.000000000000000000e-001
700	703	-1.000000000000000000e+000
701	703	-1.000000000000000000e+000
702	703	-1.000000000000000000e+000
703	703	-1.000000000000000000e+000
250	704	-5.000000000000000000e-001
704	704	-1.000000000000000000e+000
154	705	-1.000000000000000000e+000
704	705	-1.000000000000000000e+000
705	705	-1.000000000000000000e+000
156	706	-1.000000000000000000e+000
704	706	-1.000000000000000000e+000
705	706	-1.000000000000000000e+000
706	706	-1.000000000000000000e+000
250	707	5.000000000000000000e-001
704	707	-1.000000000000000000e+000
705	707	-1.000000000000000000e+000
706	707	-1.000000000000000000e+000
707	707	-1.000000000000000000e+000
251	708	-5.000000000000000000e-001
708	708	-1.000000000000000000e+000
169	709	-1.000000000000000000e+000
708	709	-1.000000000000000000e+000
709	709	-1.000000000000000000e+000
171	710	-1.000000000000000000e+000
708	710	-1.000000000000000000e+000
709	710	-1.000000000000000000e+000
710	710	-1.000000000000000000e+000
251	711	5.000000000000000000e-001
708	711	-1.000000000000000000e+000
709	711	-1.000000000000000000e+000
710	711	-1.000000000000000000e+000
711	711	-1.000000000000000000e+000
252	712	-5.000000000000000000e-001
712	712	-1.000000000000000000e+000
184	713	-1.000000000000000000e+000
712	713	-1.000000000000000000e+000
713	713	-1.000000000000000000e+000
186	714	-1.000000000000000000e+000
712	714	-1.000000000000000000e+000
713	714	-1.000000000000000000e+000
714	714	-1.000000000000000000e+000
252	715	5.000000000000000000e-001
712	715	-1.000000000000000000e+000
713	715	-1.000000000000000000e+000
714	715	-1.000000000000000000e+000
715	715	-1.000000000000000000e+000
253	716	-5.000000000000000000e-001
716	716	-1.000000000000000000e+000
199	717	-1.000000000000000000e+000
716	717	-1.000000000000000000e+000
717	717	-1.000000000000000000e+000
201	718	-1.000000000000000000e+000
716	718	-1.000000000000000000e+000
717	718	-1.000000000000000000e+000
718	718	-1.000000000000000000e+000
253	719	5.000000000000000000e-001
716	719	-1.000000000000000000e+000
717	719	-1.000000000000000000e+000
718	719	-1.000000000000000000e+000
719	719	-1.000000000000000000e+000
254	720	-5.000000000000000000e-001
720	720	-1.000000000000000000e+000
214	721	-1.000000000000000000e+000
720	721	-1.000000000000000000e+000
721	721	-1.000000000000000000e+000
216	722	-1.000000000000000000e+000
720	722	-1.000000000000000000e+000
721	722	-1.000000000000000000e+000
722	722	-1.000000000000000000e+000
254	723	5.000000000000000000e-001
720	723	-1.000000000000000000e+000
721	723	-1.000000000000000000e+000
722	723	-1.000000000000000000e+000
723	723	-1.000000000000000000e+000
255	724	-5.000000000000000000e-001
724	724	-1.000000000000000000e+000
229	725	-1.000000000000000000e+000
724	725	-1.000000000000000000e+000
725	725	-1.000000000000000000e+000
231	726	-1.000000000000000000e+000
724	726	-1.000000000000000000e+000
725	726	-1.000000000000000000e+000
726	726	-1.000000000000000000e+000
255	727	5.000000000000000000e-001
724	727	-1.000000000000000000e+000
725	727	-1.000000000000000000e+000
726	727	-1.000000000000000000e+000
727	727	-1.000000000000000000e+000
727	727	0.000000000000000000e+000
