498
497
334
504
503
346
115
582
581
588
587
103
594
593
600
599
133
118
331
486
485
310
492
491
322
85
319
307
641
46
655
656
642
61
292
643
76
657
658
644
91
316
304
295
570
569
576
575
73
480
479
298
640
31
654
436
1
439
4
653
639
16
256
19
268
34
271
283
474
473
286
564
563
448
552
551
13
558
557
28
43
468
467
442
445
10
7
262
274
25
265
277
40
289
22
37
259
55
58
301
52
280
49
64
79
67
70
313
82
94
343
645
106
659
660
646
121
340
647
136
661
662
648
151
364
352
355
367
510
509
358
516
515
370
145
379
522
521
382
618
617
606
605
612
611
163
178
528
527
394
391
649
166
663
664
650
181
388
651
196
665
652
211
666
451
226
454
229
424
214
412
199
415
403
534
533
406
624
623
463
636
635
238
630
629
223
208
540
539
418
546
545
457
460
235
232
430
220
433
421
205
409
202
217
427
400
184
187
190
193
397
175
385
169
172
373
160
157
142
154
376
139
124
328
109
88
97
112
127
130
148
325
337
349
361
100
530
529
395
620
619
608
607
614
613
164
179
518
517
371
524
523
383
161
386
374
176
398
494
493
323
500
499
335
101
584
583
590
589
104
596
595
602
601
134
119
506
505
347
512
511
359
131
362
350
116
338
326
146
149
356
392
250
707
710
708
709
368
380
249
703
706
704
705
122
137
353
152
167
377
365
155
170
378
616
615
604
603
610
609
162
177
514
513
369
520
519
381
159
384
372
252
715
718
716
717
253
719
722
720
721
455
453
254
723
726
724
725
452
227
212
425
230
182
197
401
413
404
416
536
535
407
626
625
464
638
637
239
632
631
224
209
542
541
419
548
547
458
461
236
233
431
221
434
422
206
410
218
203
428
215
200
165
180
387
195
450
225
210
423
411
399
251
711
714
712
713
390
402
526
525
393
532
531
405
189
414
622
621
462
634
633
237
628
627
222
207
538
537
417
544
543
456
459
234
231
429
426
219
432
420
216
204
408
201
186
183
213
228
198
174
396
192
171
168
185
389
366
248
699
702
700
701
342
354
247
695
698
696
697
105
120
339
135
150
363
351
123
138
344
246
691
694
692
693
320
332
245
687
690
688
689
62
77
305
92
107
329
317
95
110
330
490
489
321
496
495
333
99
580
579
586
585
102
592
591
598
597
132
117
502
501
345
508
507
357
129
360
348
114
336
324
308
242
675
678
676
677
296
241
671
674
672
673
240
667
670
668
669
437
2
440
5
17
257
20
32
47
281
269
284
476
475
287
566
565
449
554
553
14
560
559
29
44
470
469
443
446
11
8
263
275
26
266
278
23
41
290
38
260
272
35
572
571
578
577
74
482
481
299
488
487
311
71
314
302
56
59
53
50
68
318
244
683
686
684
685
243
679
682
680
681
45
60
291
75
90
315
303
306
294
282
30
435
0
438
3
15
255
267
270
472
471
285
562
561
447
550
549
12
556
555
27
42
466
465
441
444
9
6
261
273
24
264
276
39
288
21
258
36
568
567
574
573
72
478
477
297
484
483
309
69
312
300
54
57
51
66
279
63
78
18
33
48
81
87
84
96
65
80
93
293
111
126
327
108
83
86
89
98
113
125
128
140
141
143
144
147
153
156
158
173
188
191
194
375
341
