634
56
550
636
58
552
659
86
579
658
85
578
649
76
569
637
61
553
691
63
555
667
94
585
662
89
582
652
79
572
632
53
556
692
65
591
669
95
588
665
92
586
653
80
573
622
29
557
693
102
609
686
100
608
684
97
606
685
98
607
623
33
492
689
103
698
687
105
610
681
106
603
674
48
596
625
36
493
690
104
699
694
108
706
696
25
707
695
225
708
626
40
495
700
109
499
697
226
709
508
235
264
513
11
269
470
112
496
705
224
500
702
227
710
529
6
285
519
17
275
471
116
304
477
222
711
703
228
712
526
229
282
518
16
274
473
119
305
478
221
713
714
218
715
716
134
288
717
230
289
474
123
307
718
219
311
719
217
720
328
216
253
320
145
245
392
152
308
454
213
312
453
214
721
450
211
256
321
146
246
393
156
353
446
206
455
445
207
722
415
208
723
452
209
724
395
159
354
449
171
391
444
202
388
442
200
385
426
186
371
398
162
350
447
169
390
441
203
387
438
197
382
425
185
370
397
165
349
448
167
352
435
195
380
434
194
379
422
182
367
544
539
533
617
612
487
480
465
458
299
292
402
331
336
343
638
62
554
668
96
589
660
87
580
663
90
583
639
64
559
640
66
590
661
88
581
664
91
584
688
101
558
631
67
560
643
70
563
666
93
587
624
34
701
630
43
538
677
51
599
683
99
605
628
42
494
629
27
532
680
21
602
682
107
604
627
41
498
611
26
485
504
24
260
531
231
287
704
223
497
501
18
486
507
2
263
530
232
286
472
117
726
463
110
479
522
5
278
528
233
284
476
125
306
464
126
290
525
130
281
527
234
283
475
124
310
457
127
297
324
133
249
330
215
255
725
220
309
313
135
298
327
138
252
329
212
254
394
157
456
407
150
291
411
149
238
451
210
257
401
205
355
408
173
357
414
176
361
443
201
386
400
170
356
416
172
358
429
189
374
440
199
384
399
168
351
437
204
389
436
196
381
439
198
383
633
55
549
635
57
551
656
83
576
657
84
577
646
73
566
396
164
348
342
166
341
432
192
377
433
193
378
419
179
364
655
654
82
81
575
574
642
641
69
68
562
561
676
675
50
49
598
597
679
678
20
19
601
600
503
502
23
22
259
258
506
505
1
0
262
261
521
520
4
3
277
276
524
523
129
128
280
279
323
322
132
131
248
247
326
325
137
136
251
250
410
409
148
147
237
236
413
412
175
174
360
359
428
427
188
187
373
372
431
430
191
190
376
375
648
647
75
74
568
567
651
650
78
77
571
570
645
644
72
71
565
564
671
670
45
44
593
592
673
672
47
46
595
594
510
509
8
7
266
265
512
511
10
9
268
267
515
514
13
12
271
270
517
516
15
14
273
272
317
316
142
141
242
241
319
318
144
143
244
243
315
314
140
139
240
239
418
417
178
177
363
362
424
423
184
183
369
368
421
420
181
180
366
365
60
52
28
32
35
39
111
115
118
122
151
155
158
161
59
54
30
31
37
38
113
114
120
121
153
154
160
163
545
547
548
546
540
542
543
541
534
536
537
535
618
620
621
619
613
615
616
614
488
490
491
489
481
483
484
482
466
468
469
467
459
461
462
460
300
302
303
301
293
295
296
294
403
405
406
404
332
334
335
333
337
339
340
338
344
346
347
345
