1	1	-4.571379387437856000e+001
2	2	-4.498369831169273400e+001
3	3	-7.000000000000000500e-008
4	4	-4.711015169871143400e+001
5	5	-4.358734048735986000e+001
6	6	-7.000000000000000500e-008
7	7	7.000000000000000500e-008
3	7	1.000000000000000000e+000
6	7	1.000000000000000000e+000
8	8	-5.587636156293287100e+001
9	9	-4.351956305191051700e+001
10	10	-5.289071798123998000e+001
11	11	-4.650520663360340000e+001
12	12	7.000000000000000500e-008
9	12	-1.000000000000000000e+000
8	12	1.000000000000000000e+000
11	12	1.000000000000000000e+000
10	12	-1.000000000000000000e+000
13	13	-4.990484641057669500e+001
14	14	-4.949107820426668500e+001
15	15	-4.870518284729811100e+001
16	16	-5.069074176754526900e+001
17	17	7.000000000000000500e-008
14	17	-1.000000000000000000e+000
13	17	1.000000000000000000e+000
16	17	1.000000000000000000e+000
15	17	-1.000000000000000000e+000
18	18	7.000000000000000500e-008
11	18	-1.000000000000000000e+000
10	18	1.000000000000000000e+000
14	18	1.000000000000000000e+000
13	18	-1.000000000000000000e+000
19	19	-7.000000000000000500e-008
20	20	-1.344594062409890600e+001
21	21	-7.725155156197239100e+001
22	22	-7.000000000000000500e-008
23	23	-2.997493452750310200e+001
24	24	-6.072255765856819200e+001
25	25	-7.000000000000000500e-008
26	26	7.000000000000000500e-008
22	26	1.000000000000000000e+000
25	26	1.000000000000000000e+000
27	27	-7.000000000000000500e-008
28	28	-7.000000000000000500e-008
29	29	-1.463195536076364100e+002
30	30	7.000000000000000500e-008
29	30	-1.000000000000000000e+000
31	31	-1.135059082121713600e+002
32	32	-8.597719363510583400e+001
33	33	-7.262120794527930900e+001
34	34	7.000000000000000500e-008
33	34	-1.000000000000000000e+000
30	35	1.500000000000000000e+000
34	35	-1.500000000000000000e+000
35	35	-7.000000000000000500e-008
36	36	-3.924457947098796500e+001
37	37	7.000000000000000500e-008
36	37	-1.000000000000000000e+000
38	38	-5.302333374389883900e+001
39	39	-4.158137698667167800e+001
40	40	-3.546516193315285600e+001
41	41	7.000000000000000500e-008
40	41	-1.000000000000000000e+000
37	42	1.500000000000000000e+000
41	42	-1.500000000000000000e+000
42	42	-7.000000000000000500e-008
34	43	1.500000000000000000e+000
37	43	-1.500000000000000000e+000
43	43	-7.000000000000000500e-008
44	44	-7.000000000000000500e-008
45	45	-5.642974176523520000e+001
46	46	-4.296618284960818800e+001
47	47	-5.764014604140393100e+001
48	48	-4.175577857343945000e+001
49	49	7.000000000000000500e-008
46	49	-1.000000000000000000e+000
45	49	1.000000000000000000e+000
48	49	1.000000000000000000e+000
47	49	-1.000000000000000000e+000
50	50	-3.811265477386799500e+001
51	51	-5.258483741220329200e+001
52	52	-7.000000000000000500e-008
53	53	-2.310295178343253000e+002
54	54	7.000000000000000500e-008
53	54	-1.000000000000000000e+000
55	55	-1.024946167285212900e+002
56	56	-7.000000000000000500e-008
57	57	7.000000000000000500e-008
56	57	1.000000000000000000e+000
58	58	-7.000000000000000500e-008
59	59	7.000000000000000500e-008
58	59	1.000000000000000000e+000
60	60	-7.553136011039333700e+001
61	61	-2.904231224639715400e+002
62	62	7.000000000000000500e-008
61	62	-1.000000000000000000e+000
57	63	1.500000000000000000e+000
59	63	1.000000000000000000e+000
62	63	-1.500000000000000000e+000
63	63	-7.000000000000000500e-008
64	64	7.000000000000000500e-008
63	64	1.000000000000000000e+000
60	64	1.000000000000000000e+000
62	65	1.500000000000000000e+000
64	65	1.000000000000000000e+000
54	65	-1.500000000000000000e+000
65	65	-7.000000000000000500e-008
66	66	7.000000000000000500e-008
65	66	1.000000000000000000e+000
55	66	1.000000000000000000e+000
64	67	1.500000000000000000e+000
66	67	-1.500000000000000000e+000
67	67	-7.000000000000000500e-008
66	68	1.500000000000000000e+000
68	68	-7.000000000000000500e-008
69	69	-7.125594923039275800e+001
70	70	-1.944154295567853900e+001
71	71	-7.000000000000000500e-008
72	72	-3.488876598878026400e+001
73	73	-6.450715862606313100e+001
74	74	-7.000000000000000500e-008
75	75	-9.039637335222354900e+001
76	76	-8.999551262619824900e+000
77	77	7.000000000000000500e-008
74	77	1.000000000000000000e+000
76	77	1.000000000000000000e+000
75	77	-1.000000000000000000e+000
78	78	-9.999919368022595100e-001
79	79	-9.839593267804110600e+001
80	80	7.000000000000000500e-008
76	80	-1.000000000000000000e+000
75	80	1.000000000000000000e+000
79	80	1.000000000000000000e+000
78	80	-1.000000000000000000e+000
81	81	7.000000000000000500e-008
79	81	-1.000000000000000000e+000
78	81	1.000000000000000000e+000
73	81	1.000000000000000000e+000
72	81	-1.000000000000000000e+000
82	82	-6.204059250408079900e+001
83	83	-2.865689968199049500e+001
84	84	-7.000000000000000500e-008
85	85	-7.000000000000000500e-008
86	86	7.000000000000000500e-008
85	86	1.000000000000000000e+000
87	87	7.000000000000000500e-008
84	87	1.000000000000000000e+000
87	88	1.500000000000000000e+000
86	88	1.000000000000000000e+000
88	88	-7.000000000000000500e-008
89	89	-7.000000000000000500e-008
90	90	7.000000000000000500e-008
88	90	1.000000000000000000e+000
89	90	1.000000000000000000e+000
87	91	-2.889999999999999700e+000
86	91	-3.360000000000000800e-001
77	91	3.005599999999999800e+000
90	91	-3.336000000000000300e+000
80	91	3.005599999999999800e+000
91	91	-7.000000000000000500e-008
90	92	-3.360000000000000800e-001
80	92	3.005599999999999800e+000
81	92	3.005599999999999800e+000
92	92	-7.000000000000000500e-008
93	93	7.000000000000000500e-008
89	93	1.000000000000000000e+000
92	93	-3.336000000000000300e+000
71	93	1.000000000000000000e+000
93	94	-3.360000000000000800e-001
81	94	3.005599999999999800e+000
94	94	-7.000000000000000500e-008
95	95	7.000000000000000500e-008
88	95	-1.500000000000000000e+000
91	95	-2.889999999999999700e+000
67	95	1.000000000000000000e+000
89	95	1.500000000000000000e+000
92	95	-2.889999999999999700e+000
83	95	-1.000000000000000000e+000
82	95	1.000000000000000000e+000
96	96	7.000000000000000500e-008
67	96	1.000000000000000000e+000
89	96	-1.500000000000000000e+000
92	96	-2.889999999999999700e+000
68	96	1.000000000000000000e+000
71	96	1.500000000000000000e+000
94	96	-2.889999999999999700e+000
70	96	-1.000000000000000000e+000
69	96	1.000000000000000000e+000
59	97	1.500000000000000000e+000
87	97	1.000000000000000000e+000
64	97	-1.500000000000000000e+000
95	97	1.000000000000000000e+000
97	97	-7.000000000000000500e-008
98	98	7.000000000000000500e-008
71	98	1.000000000000000000e+000
94	98	-3.336000000000000300e+000
52	98	1.000000000000000000e+000
99	99	7.000000000000000500e-008
94	99	3.005599999999999800e+000
73	99	-1.000000000000000000e+000
72	99	1.000000000000000000e+000
46	99	1.000000000000000000e+000
45	99	-1.000000000000000000e+000
98	100	-3.360000000000000800e-001
99	100	3.005599999999999800e+000
49	100	3.005599999999999800e+000
100	100	-7.000000000000000500e-008
101	101	7.000000000000000500e-008
68	101	1.000000000000000000e+000
71	101	-1.500000000000000000e+000
94	101	-2.889999999999999700e+000
44	101	1.000000000000000000e+000
52	101	1.500000000000000000e+000
100	101	-2.889999999999999700e+000
51	101	-1.000000000000000000e+000
50	101	1.000000000000000000e+000
54	102	1.500000000000000000e+000
66	102	1.000000000000000000e+000
30	102	-1.500000000000000000e+000
102	102	-7.000000000000000500e-008
103	103	7.000000000000000500e-008
102	103	1.000000000000000000e+000
68	103	-1.500000000000000000e+000
35	103	1.000000000000000000e+000
44	103	1.500000000000000000e+000
31	103	1.000000000000000000e+000
104	104	7.000000000000000500e-008
35	104	1.000000000000000000e+000
44	104	-1.500000000000000000e+000
43	104	1.000000000000000000e+000
28	104	1.500000000000000000e+000
32	104	1.000000000000000000e+000
105	105	7.000000000000000500e-008
43	105	1.000000000000000000e+000
28	105	-1.500000000000000000e+000
42	105	1.000000000000000000e+000
27	105	1.500000000000000000e+000
38	105	1.000000000000000000e+000
106	106	7.000000000000000500e-008
44	106	1.000000000000000000e+000
52	106	-1.500000000000000000e+000
100	106	-2.889999999999999700e+000
28	106	1.000000000000000000e+000
22	106	1.500000000000000000e+000
21	106	-1.000000000000000000e+000
20	106	1.000000000000000000e+000
107	107	7.000000000000000500e-008
52	107	1.000000000000000000e+000
100	107	-3.336000000000000300e+000
22	107	1.000000000000000000e+000
106	108	-2.889999999999999700e+000
107	108	-3.360000000000000800e-001
49	108	3.005599999999999800e+000
26	108	-3.336000000000000300e+000
108	108	-7.000000000000000500e-008
109	109	7.000000000000000500e-008
28	109	1.000000000000000000e+000
22	109	-1.500000000000000000e+000
108	109	-2.889999999999999700e+000
27	109	1.000000000000000000e+000
25	109	1.500000000000000000e+000
24	109	-1.000000000000000000e+000
23	109	1.000000000000000000e+000
110	110	7.000000000000000500e-008
42	110	1.000000000000000000e+000
27	110	-1.500000000000000000e+000
19	110	1.500000000000000000e+000
39	110	1.000000000000000000e+000
111	111	-7.000000000000000500e-008
112	112	-3.932603417137939100e+001
113	113	7.000000000000000500e-008
112	113	-1.000000000000000000e+000
114	114	-4.156289865968371100e+001
115	115	-4.239455908980220800e+001
116	116	-4.264478484755314700e+001
117	117	7.000000000000000500e-008
116	117	-1.000000000000000000e+000
113	118	1.500000000000000000e+000
117	118	-1.500000000000000000e+000
118	118	-7.000000000000000500e-008
119	119	-4.464505128333062300e+001
120	120	7.000000000000000500e-008
119	120	-1.000000000000000000e+000
121	121	-4.354062493520454100e+001
122	122	-4.435511174014238400e+001
123	123	-4.533828262439610100e+001
124	124	7.000000000000000500e-008
123	124	-1.000000000000000000e+000
120	125	1.500000000000000000e+000
124	125	-1.500000000000000000e+000
125	125	-7.000000000000000500e-008
117	126	1.500000000000000000e+000
120	126	-1.500000000000000000e+000
126	126	-7.000000000000000500e-008
127	127	-7.000000000000000500e-008
128	128	-7.000000000000000500e-008
129	129	-4.698900197679766700e+001
130	130	-4.370849020927362700e+001
131	131	-7.000000000000000500e-008
132	132	-4.758175996626724900e+001
133	133	-4.311573221980405200e+001
134	134	-7.000000000000000500e-008
135	135	7.000000000000000500e-008
131	135	1.000000000000000000e+000
134	135	1.000000000000000000e+000
136	136	-7.000000000000000500e-008
137	137	-4.649163355844888900e+001
138	138	-4.420585862762240500e+001
139	139	-7.000000000000000500e-008
140	140	-5.110316826363756300e+001
141	141	-4.829275635120581700e+001
142	142	-4.876975970432860700e+001
143	143	-5.062616491051477400e+001
144	144	-5.030693200320965300e+001
145	145	-4.908899261163372800e+001
146	146	7.000000000000000500e-008
143	146	-1.000000000000000000e+000
142	146	1.000000000000000000e+000
145	146	1.000000000000000000e+000
144	146	-1.000000000000000000e+000
147	147	7.000000000000000500e-008
145	147	-1.000000000000000000e+000
144	147	1.000000000000000000e+000
141	147	1.000000000000000000e+000
140	147	-1.000000000000000000e+000
148	148	-4.563628148794532500e+001
149	149	-4.506121069812596900e+001
150	150	-7.000000000000000500e-008
151	151	-7.000000000000000500e-008
152	152	-4.581018871932141000e+001
153	153	7.000000000000000500e-008
152	153	-1.000000000000000000e+000
154	154	-4.387261284503775700e+001
155	155	-4.356223307866873300e+001
156	156	-4.681068063032596900e+001
157	157	7.000000000000000500e-008
156	157	-1.000000000000000000e+000
153	158	1.500000000000000000e+000
157	158	-1.500000000000000000e+000
158	158	-7.000000000000000500e-008
159	159	-4.731445385795790800e+001
160	160	7.000000000000000500e-008
159	160	-1.000000000000000000e+000
161	161	-4.461769097943158600e+001
162	162	-4.634115156294348000e+001
163	163	7.000000000000000500e-008
162	163	-1.000000000000000000e+000
164	164	-4.577784649548257100e+001
165	165	-7.000000000000000500e-008
166	166	7.000000000000000500e-008
165	166	1.000000000000000000e+000
167	167	-7.000000000000000500e-008
168	168	7.000000000000000500e-008
167	168	1.000000000000000000e+000
163	169	1.500000000000000000e+000
166	169	-1.500000000000000000e+000
168	169	1.000000000000000000e+000
169	169	-7.000000000000000500e-008
170	170	7.000000000000000500e-008
169	170	1.000000000000000000e+000
164	170	1.000000000000000000e+000
160	171	1.500000000000000000e+000
163	171	-1.500000000000000000e+000
170	171	1.000000000000000000e+000
171	171	-7.000000000000000500e-008
172	172	7.000000000000000500e-008
171	172	1.000000000000000000e+000
161	172	1.000000000000000000e+000
172	173	1.500000000000000000e+000
170	173	-1.500000000000000000e+000
173	173	-7.000000000000000500e-008
172	174	-1.500000000000000000e+000
174	174	-7.000000000000000500e-008
175	175	-4.674981227696524400e+001
176	176	-4.394767990910605700e+001
177	177	-7.000000000000000500e-008
178	178	-4.853008432124897100e+001
179	179	-5.086584029359441000e+001
180	180	-7.000000000000000500e-008
181	181	-4.916040063376321700e+001
182	182	-5.023552398108016300e+001
183	183	7.000000000000000500e-008
180	183	1.000000000000000000e+000
182	183	-1.000000000000000000e+000
181	183	1.000000000000000000e+000
184	184	-4.986694223509357500e+001
185	185	-4.952898237974980600e+001
186	186	7.000000000000000500e-008
185	186	-1.000000000000000000e+000
184	186	1.000000000000000000e+000
182	186	1.000000000000000000e+000
181	186	-1.000000000000000000e+000
187	187	7.000000000000000500e-008
179	187	-1.000000000000000000e+000
178	187	1.000000000000000000e+000
185	187	1.000000000000000000e+000
184	187	-1.000000000000000000e+000
188	188	-4.768503791388703700e+001
189	189	-4.301245427218425700e+001
190	190	-7.000000000000000500e-008
191	191	-4.690685841443388400e+001
192	192	-4.379063377163741000e+001
193	193	-7.000000000000000500e-008
194	194	-7.000000000000000500e-008
195	195	7.000000000000000500e-008
194	195	1.000000000000000000e+000
196	196	7.000000000000000500e-008
193	196	1.000000000000000000e+000
196	197	-1.500000000000000000e+000
195	197	1.000000000000000000e+000
197	197	-7.000000000000000500e-008
198	198	7.000000000000000500e-008
190	198	1.000000000000000000e+000
197	198	1.000000000000000000e+000
198	199	-3.360000000000000800e-001
186	199	3.005599999999999800e+000
196	199	-2.889999999999999700e+000
195	199	-3.336000000000000300e+000
183	199	3.005599999999999800e+000
199	199	-7.000000000000000500e-008
187	200	3.005599999999999800e+000
198	200	-3.336000000000000300e+000
186	200	3.005599999999999800e+000
200	200	-7.000000000000000500e-008
201	201	7.000000000000000500e-008
177	201	1.000000000000000000e+000
190	201	1.000000000000000000e+000
200	201	-3.360000000000000800e-001
201	202	-3.336000000000000300e+000
187	202	3.005599999999999800e+000
202	202	-7.000000000000000500e-008
203	203	7.000000000000000500e-008
174	203	1.000000000000000000e+000
177	203	-1.500000000000000000e+000
202	203	-2.889999999999999700e+000
173	203	1.000000000000000000e+000
190	203	1.500000000000000000e+000
200	203	-2.889999999999999700e+000
189	203	-1.000000000000000000e+000
188	203	1.000000000000000000e+000
204	204	7.000000000000000500e-008
173	204	1.000000000000000000e+000
190	204	-1.500000000000000000e+000
200	204	-2.889999999999999700e+000
197	204	1.500000000000000000e+000
199	204	-2.889999999999999700e+000
192	204	-1.000000000000000000e+000
191	204	1.000000000000000000e+000
170	205	1.500000000000000000e+000
204	205	1.000000000000000000e+000
168	205	-1.500000000000000000e+000
196	205	1.000000000000000000e+000
205	205	-7.000000000000000500e-008
157	206	1.500000000000000000e+000
160	206	-1.500000000000000000e+000
172	206	1.000000000000000000e+000
206	206	-7.000000000000000500e-008
207	207	7.000000000000000500e-008
158	207	1.000000000000000000e+000
151	207	-1.500000000000000000e+000
206	207	1.000000000000000000e+000
174	207	1.500000000000000000e+000
155	207	1.000000000000000000e+000
208	208	7.000000000000000500e-008
151	208	1.000000000000000000e+000
150	208	-1.500000000000000000e+000
174	208	1.000000000000000000e+000
177	208	1.500000000000000000e+000
202	208	-2.889999999999999700e+000
176	208	-1.000000000000000000e+000
175	208	1.000000000000000000e+000
209	209	7.000000000000000500e-008
150	209	1.000000000000000000e+000
177	209	1.000000000000000000e+000
202	209	-3.360000000000000800e-001
210	210	7.000000000000000500e-008
202	210	3.005599999999999800e+000
141	210	-1.000000000000000000e+000
140	210	1.000000000000000000e+000
179	210	1.000000000000000000e+000
178	210	-1.000000000000000000e+000
147	211	3.005599999999999800e+000
208	211	-2.889999999999999700e+000
209	211	-3.336000000000000300e+000
210	211	3.005599999999999800e+000
211	211	-7.000000000000000500e-008
212	212	7.000000000000000500e-008
139	212	1.000000000000000000e+000
150	212	1.000000000000000000e+000
211	212	-3.360000000000000800e-001
146	213	3.005599999999999800e+000
212	213	-3.336000000000000300e+000
147	213	3.005599999999999800e+000
213	213	-7.000000000000000500e-008
214	214	7.000000000000000500e-008
136	214	-1.500000000000000000e+000
158	214	1.000000000000000000e+000
151	214	1.500000000000000000e+000
154	214	1.000000000000000000e+000
215	215	7.000000000000000500e-008
136	215	1.000000000000000000e+000
139	215	-1.500000000000000000e+000
213	215	-2.889999999999999700e+000
151	215	1.000000000000000000e+000
150	215	1.500000000000000000e+000
211	215	-2.889999999999999700e+000
149	215	-1.000000000000000000e+000
148	215	1.000000000000000000e+000
135	216	-3.360000000000000800e-001
146	216	3.005599999999999800e+000
216	216	-7.000000000000000500e-008
217	217	7.000000000000000500e-008
134	217	1.000000000000000000e+000
216	217	-3.336000000000000300e+000
139	217	1.000000000000000000e+000
213	217	-3.360000000000000800e-001
218	218	7.000000000000000500e-008
128	218	1.000000000000000000e+000
134	218	-1.500000000000000000e+000
216	218	-2.889999999999999700e+000
136	218	1.000000000000000000e+000
139	218	1.500000000000000000e+000
213	218	-2.889999999999999700e+000
138	218	-1.000000000000000000e+000
137	218	1.000000000000000000e+000
219	219	7.000000000000000500e-008
127	219	1.000000000000000000e+000
131	219	-1.500000000000000000e+000
128	219	1.000000000000000000e+000
134	219	1.500000000000000000e+000
216	219	-2.889999999999999700e+000
133	219	-1.000000000000000000e+000
132	219	1.000000000000000000e+000
220	220	7.000000000000000500e-008
125	220	1.000000000000000000e+000
128	220	-1.500000000000000000e+000
136	220	1.500000000000000000e+000
122	220	1.000000000000000000e+000
124	221	1.500000000000000000e+000
220	221	1.000000000000000000e+000
153	221	-1.500000000000000000e+000
214	221	1.000000000000000000e+000
221	221	-7.000000000000000500e-008
222	222	7.000000000000000500e-008
126	222	1.000000000000000000e+000
127	222	-1.500000000000000000e+000
125	222	1.000000000000000000e+000
128	222	1.500000000000000000e+000
121	222	1.000000000000000000e+000
223	223	7.000000000000000500e-008
118	223	1.000000000000000000e+000
111	223	-1.500000000000000000e+000
126	223	1.000000000000000000e+000
127	223	1.500000000000000000e+000
115	223	1.000000000000000000e+000
41	224	1.500000000000000000e+000
110	224	1.000000000000000000e+000
113	224	-1.500000000000000000e+000
224	224	-7.000000000000000500e-008
225	225	7.000000000000000500e-008
224	225	1.000000000000000000e+000
19	225	-1.500000000000000000e+000
118	225	1.000000000000000000e+000
111	225	1.500000000000000000e+000
114	225	1.000000000000000000e+000
226	226	7.000000000000000500e-008
108	226	3.005599999999999800e+000
48	226	-1.000000000000000000e+000
47	226	1.000000000000000000e+000
9	226	1.000000000000000000e+000
8	226	-1.000000000000000000e+000
227	227	7.000000000000000500e-008
27	227	1.000000000000000000e+000
25	227	-1.500000000000000000e+000
19	227	1.000000000000000000e+000
3	227	1.500000000000000000e+000
2	227	-1.000000000000000000e+000
1	227	1.000000000000000000e+000
228	228	7.000000000000000500e-008
19	228	1.000000000000000000e+000
3	228	-1.500000000000000000e+000
111	228	1.000000000000000000e+000
6	228	1.500000000000000000e+000
5	228	-1.000000000000000000e+000
4	228	1.000000000000000000e+000
229	229	7.000000000000000500e-008
111	229	1.000000000000000000e+000
6	229	-1.500000000000000000e+000
127	229	1.000000000000000000e+000
131	229	1.500000000000000000e+000
130	229	-1.000000000000000000e+000
129	229	1.000000000000000000e+000
230	230	7.000000000000000500e-008
6	230	1.000000000000000000e+000
131	230	1.000000000000000000e+000
231	231	7.000000000000000500e-008
216	231	3.005599999999999800e+000
16	231	-1.000000000000000000e+000
15	231	1.000000000000000000e+000
143	231	1.000000000000000000e+000
142	231	-1.000000000000000000e+000
109	232	-2.889999999999999700e+000
26	232	-3.360000000000000800e-001
226	232	3.005599999999999800e+000
227	232	-2.889999999999999700e+000
12	232	3.005599999999999800e+000
232	232	-7.000000000000000500e-008
227	233	-2.889999999999999700e+000
12	233	3.005599999999999800e+000
228	233	-2.889999999999999700e+000
7	233	-3.336000000000000300e+000
18	233	3.005599999999999800e+000
233	233	-7.000000000000000500e-008
228	234	-2.889999999999999700e+000
7	234	-3.360000000000000800e-001
18	234	3.005599999999999800e+000
229	234	-2.889999999999999700e+000
230	234	-3.336000000000000300e+000
17	234	3.005599999999999800e+000
234	234	-7.000000000000000500e-008
229	235	-2.889999999999999700e+000
230	235	-3.360000000000000800e-001
17	235	3.005599999999999800e+000
219	235	-2.889999999999999700e+000
135	235	-3.336000000000000300e+000
231	235	3.005599999999999800e+000
235	235	-7.000000000000000500e-008
236	236	7.000000000000000500e-008
25	236	1.000000000000000000e+000
232	236	-3.336000000000000300e+000
3	236	1.000000000000000000e+000
233	236	-3.360000000000000800e-001
237	237	-4.596777957376382100e+001
238	238	-4.596777957376382100e+001
239	239	-7.000000000000000500e-008
240	240	-4.520756138759241300e+001
241	241	-4.520756138759241300e+001
242	242	-4.520756138759241300e+001
243	243	-4.520756138759241300e+001
244	244	-4.520756138759241300e+001
245	245	-4.520756138759241300e+001
246	246	7.000000000000000500e-008
243	246	-1.000000000000000000e+000
242	246	1.000000000000000000e+000
245	246	1.000000000000000000e+000
244	246	-1.000000000000000000e+000
247	247	7.000000000000000500e-008
245	247	-1.000000000000000000e+000
244	247	1.000000000000000000e+000
241	247	1.000000000000000000e+000
240	247	-1.000000000000000000e+000
248	248	-4.596777957376382100e+001
249	249	-4.596777957376382100e+001
250	250	-7.000000000000000500e-008
251	251	-4.596777957376382100e+001
252	252	-4.596777957376382100e+001
253	253	-7.000000000000000500e-008
254	254	7.000000000000000500e-008
250	254	1.000000000000000000e+000
253	254	1.000000000000000000e+000
254	255	-1.020000000000000000e+000
246	255	3.240000000000000200e+000
247	255	3.240000000000000200e+000
255	255	-7.000000000000000500e-008
254	256	-4.019999999999999600e+000
246	256	3.240000000000000200e+000
256	256	-7.000000000000000500e-008
257	257	7.000000000000000500e-008
253	257	1.000000000000000000e+000
255	257	-4.019999999999999600e+000
239	257	1.000000000000000000e+000
257	258	-1.020000000000000000e+000
247	258	3.240000000000000200e+000
258	258	-7.000000000000000500e-008
259	259	-4.596777957376382100e+001
260	260	-4.596777957376382100e+001
261	261	-7.000000000000000500e-008
262	262	-4.596777957376382100e+001
263	263	-4.596777957376382100e+001
264	264	-7.000000000000000500e-008
265	265	7.000000000000000500e-008
261	265	1.000000000000000000e+000
264	265	1.000000000000000000e+000
266	266	-4.520756138759241300e+001
267	267	-4.520756138759241300e+001
268	268	-4.520756138759241300e+001
269	269	-4.520756138759241300e+001
270	270	7.000000000000000500e-008
267	270	-1.000000000000000000e+000
266	270	1.000000000000000000e+000
269	270	1.000000000000000000e+000
268	270	-1.000000000000000000e+000
271	271	-4.520756138759241300e+001
272	272	-4.520756138759241300e+001
273	273	-4.520756138759241300e+001
274	274	-4.520756138759241300e+001
275	275	7.000000000000000500e-008
272	275	-1.000000000000000000e+000
271	275	1.000000000000000000e+000
274	275	1.000000000000000000e+000
273	275	-1.000000000000000000e+000
276	276	7.000000000000000500e-008
269	276	-1.000000000000000000e+000
268	276	1.000000000000000000e+000
272	276	1.000000000000000000e+000
271	276	-1.000000000000000000e+000
277	277	-4.596777957376382100e+001
278	278	-4.596777957376382100e+001
279	279	-7.000000000000000500e-008
280	280	-4.596777957376382100e+001
281	281	-4.596777957376382100e+001
282	282	-7.000000000000000500e-008
283	283	7.000000000000000500e-008
279	283	1.000000000000000000e+000
282	283	1.000000000000000000e+000
283	284	-1.020000000000000000e+000
275	284	3.240000000000000200e+000
284	284	-7.000000000000000500e-008
276	285	3.240000000000000200e+000
283	285	-4.019999999999999600e+000
275	285	3.240000000000000200e+000
285	285	-7.000000000000000500e-008
286	286	7.000000000000000500e-008
264	286	1.000000000000000000e+000
279	286	1.000000000000000000e+000
285	286	-1.020000000000000000e+000
265	287	-1.020000000000000000e+000
270	287	3.240000000000000200e+000
286	287	-4.019999999999999600e+000
276	287	3.240000000000000200e+000
287	287	-7.000000000000000500e-008
265	288	-4.019999999999999600e+000
270	288	3.240000000000000200e+000
288	288	-7.000000000000000500e-008
289	289	7.000000000000000500e-008
282	289	1.000000000000000000e+000
284	289	-4.019999999999999600e+000
250	289	1.000000000000000000e+000
256	289	-1.020000000000000000e+000
290	290	7.000000000000000500e-008
284	290	3.240000000000000200e+000
256	290	3.240000000000000200e+000
274	290	-1.000000000000000000e+000
273	290	1.000000000000000000e+000
243	290	1.000000000000000000e+000
242	290	-1.000000000000000000e+000
291	291	-7.000000000000000500e-008
292	292	-7.000000000000000500e-008
293	293	7.000000000000000500e-008
293	294	-5.000000000000000000e-001
294	294	-2.303460760553989000e+001
293	295	5.000000000000000000e-001
294	295	-2.243340830043792500e+001
295	295	-2.303460760553989300e+001
294	296	0.000000000000000000e+000
296	296	-5.228320912782495000e+000
295	296	0.000000000000000000e+000
294	297	0.000000000000000000e+000
296	297	-0.000000000000000000e+000
297	297	-5.228320912782495000e+000
295	297	0.000000000000000000e+000
298	298	-7.000000000000000500e-008
299	299	-7.000000000000000500e-008
300	300	7.000000000000000500e-008
300	301	-5.000000000000000000e-001
301	301	-2.308007210995051800e+001
300	302	5.000000000000000000e-001
301	302	-2.238791285909611500e+001
302	302	-2.308007210995051800e+001
301	303	0.000000000000000000e+000
303	303	-5.609909661842561200e+000
302	303	0.000000000000000000e+000
301	304	0.000000000000000000e+000
303	304	-0.000000000000000000e+000
304	304	-5.609909661842561200e+000
302	304	0.000000000000000000e+000
305	305	7.000000000000000500e-008
306	306	7.000000000000000500e-008
305	307	1.500000000000000000e+000
306	307	-1.500000000000000000e+000
307	307	-7.000000000000000500e-008
308	308	7.000000000000000500e-008
309	309	7.000000000000000500e-008
308	310	1.500000000000000000e+000
309	310	-1.500000000000000000e+000
310	310	-7.000000000000000500e-008
306	311	1.500000000000000000e+000
308	311	-1.500000000000000000e+000
311	311	-7.000000000000000500e-008
312	312	7.000000000000000500e-008
311	312	1.000000000000000000e+000
298	312	-1.500000000000000000e+000
310	312	1.000000000000000000e+000
299	312	1.500000000000000000e+000
304	312	-1.000000000000000000e+000
313	313	7.000000000000000500e-008
310	313	1.000000000000000000e+000
299	313	-1.500000000000000000e+000
292	313	1.500000000000000000e+000
297	313	-1.000000000000000000e+000
314	314	-7.000000000000000500e-008
315	315	-4.520756138759241300e+001
316	316	-4.520756138759241300e+001
317	317	-4.520756138759241300e+001
318	318	-4.520756138759241300e+001
319	319	-4.520756138759241300e+001
320	320	-4.520756138759241300e+001
321	321	7.000000000000000500e-008
318	321	-1.000000000000000000e+000
317	321	1.000000000000000000e+000
320	321	1.000000000000000000e+000
319	321	-1.000000000000000000e+000
322	322	7.000000000000000500e-008
320	322	-1.000000000000000000e+000
319	322	1.000000000000000000e+000
316	322	1.000000000000000000e+000
315	322	-1.000000000000000000e+000
323	323	-4.596777957376382100e+001
324	324	-4.596777957376382100e+001
325	325	-7.000000000000000500e-008
326	326	-4.596777957376382100e+001
327	327	-4.596777957376382100e+001
328	328	-7.000000000000000500e-008
329	329	7.000000000000000500e-008
325	329	1.000000000000000000e+000
328	329	1.000000000000000000e+000
329	330	-1.020000000000000000e+000
321	330	3.240000000000000200e+000
322	330	3.240000000000000200e+000
330	330	-7.000000000000000500e-008
329	331	-4.019999999999999600e+000
321	331	3.240000000000000200e+000
331	331	-7.000000000000000500e-008
332	332	7.000000000000000500e-008
332	333	-5.000000000000000000e-001
333	333	-2.296871550793119400e+001
332	334	5.000000000000000000e-001
333	334	-2.249936653121431400e+001
334	334	-2.296871550793119000e+001
333	335	0.000000000000000000e+000
335	335	-4.619566838822898100e+000
334	335	0.000000000000000000e+000
333	336	0.000000000000000000e+000
335	336	-0.000000000000000000e+000
336	336	-4.619566838822898100e+000
334	336	0.000000000000000000e+000
337	337	7.000000000000000500e-008
337	338	-5.000000000000000000e-001
338	338	-2.294427727468827900e+001
337	339	5.000000000000000000e-001
338	339	-2.252383984510244700e+001
339	339	-2.294427727468828200e+001
338	340	0.000000000000000000e+000
340	340	-4.372241792256284400e+000
339	340	0.000000000000000000e+000
338	341	0.000000000000000000e+000
340	341	-0.000000000000000000e+000
341	341	-4.372241792256284400e+000
339	341	0.000000000000000000e+000
342	342	-7.000000000000000500e-008
343	343	-7.000000000000000500e-008
344	344	7.000000000000000500e-008
344	345	-5.000000000000000000e-001
345	345	-2.292380430111580500e+001
344	346	5.000000000000000000e-001
345	346	-2.254434917572915600e+001
346	346	-2.292380430111580800e+001
345	347	0.000000000000000000e+000
347	347	-4.153687985231427700e+000
346	347	0.000000000000000000e+000
345	348	0.000000000000000000e+000
347	348	-0.000000000000000000e+000
348	348	-4.153687985231427700e+000
346	348	0.000000000000000000e+000
349	349	-7.000000000000000500e-008
350	350	7.000000000000000500e-008
349	350	1.000000000000000000e+000
351	351	7.000000000000000500e-008
351	352	1.500000000000000000e+000
350	352	-1.500000000000000000e+000
352	352	-7.000000000000000500e-008
353	353	7.000000000000000500e-008
352	353	1.000000000000000000e+000
342	353	1.000000000000000000e+000
348	353	-1.000000000000000000e+000
354	354	7.000000000000000500e-008
355	355	7.000000000000000500e-008
354	356	1.500000000000000000e+000
355	356	-1.500000000000000000e+000
356	356	-7.000000000000000500e-008
355	357	1.500000000000000000e+000
351	357	-1.500000000000000000e+000
357	357	-7.000000000000000500e-008
358	358	-7.000000000000000500e-008
359	359	-7.000000000000000500e-008
360	360	-4.596777957376382100e+001
361	361	-4.596777957376382100e+001
362	362	-7.000000000000000500e-008
363	363	-4.520756138759241300e+001
364	364	-4.520756138759241300e+001
365	365	-7.000000000000000500e-008
366	366	-4.520756138759241300e+001
367	367	-4.520756138759241300e+001
368	368	7.000000000000000500e-008
365	368	1.000000000000000000e+000
367	368	-1.000000000000000000e+000
366	368	1.000000000000000000e+000
369	369	-4.520756138759241300e+001
370	370	-4.520756138759241300e+001
371	371	7.000000000000000500e-008
370	371	-1.000000000000000000e+000
369	371	1.000000000000000000e+000
367	371	1.000000000000000000e+000
366	371	-1.000000000000000000e+000
372	372	7.000000000000000500e-008
364	372	-1.000000000000000000e+000
363	372	1.000000000000000000e+000
370	372	1.000000000000000000e+000
369	372	-1.000000000000000000e+000
373	373	-4.596777957376382100e+001
374	374	-4.596777957376382100e+001
375	375	-7.000000000000000500e-008
376	376	-4.596777957376382100e+001
377	377	-4.596777957376382100e+001
378	378	-7.000000000000000500e-008
379	379	-7.000000000000000500e-008
380	380	7.000000000000000500e-008
379	380	1.000000000000000000e+000
381	381	7.000000000000000500e-008
378	381	1.000000000000000000e+000
381	382	-1.500000000000000000e+000
380	382	1.000000000000000000e+000
382	382	-7.000000000000000500e-008
383	383	7.000000000000000500e-008
375	383	1.000000000000000000e+000
382	383	1.000000000000000000e+000
383	384	-1.020000000000000000e+000
371	384	3.240000000000000200e+000
381	384	-3.240000000000000200e+000
380	384	-4.019999999999999600e+000
368	384	3.240000000000000200e+000
384	384	-7.000000000000000500e-008
372	385	3.240000000000000200e+000
383	385	-4.019999999999999600e+000
371	385	3.240000000000000200e+000
385	385	-7.000000000000000500e-008
386	386	7.000000000000000500e-008
362	386	1.000000000000000000e+000
375	386	1.000000000000000000e+000
385	386	-1.020000000000000000e+000
386	387	-4.019999999999999600e+000
372	387	3.240000000000000200e+000
387	387	-7.000000000000000500e-008
388	388	7.000000000000000500e-008
359	388	1.000000000000000000e+000
375	388	-1.500000000000000000e+000
385	388	-3.240000000000000200e+000
382	388	1.500000000000000000e+000
384	388	-3.240000000000000200e+000
377	388	-1.000000000000000000e+000
376	388	1.000000000000000000e+000
389	389	7.000000000000000500e-008
358	389	1.000000000000000000e+000
362	389	-1.500000000000000000e+000
387	389	-3.240000000000000200e+000
359	389	1.000000000000000000e+000
375	389	1.500000000000000000e+000
385	389	-3.240000000000000200e+000
374	389	-1.000000000000000000e+000
373	389	1.000000000000000000e+000
388	390	1.000000000000000000e+000
353	390	-1.500000000000000000e+000
381	390	1.000000000000000000e+000
390	390	-7.000000000000000500e-008
391	391	7.000000000000000500e-008
357	391	1.000000000000000000e+000
359	391	-1.500000000000000000e+000
352	391	1.000000000000000000e+000
390	391	1.500000000000000000e+000
341	391	-1.000000000000000000e+000
392	392	7.000000000000000500e-008
356	392	1.000000000000000000e+000
358	392	-1.500000000000000000e+000
357	392	1.000000000000000000e+000
359	392	1.500000000000000000e+000
336	392	-1.000000000000000000e+000
393	393	7.000000000000000500e-008
394	394	7.000000000000000500e-008
393	395	1.500000000000000000e+000
394	395	-1.500000000000000000e+000
395	395	-7.000000000000000500e-008
396	396	7.000000000000000500e-008
397	397	-7.000000000000000500e-008
398	398	7.000000000000000500e-008
397	398	1.000000000000000000e+000
399	399	7.000000000000000500e-008
399	400	1.500000000000000000e+000
398	400	-1.500000000000000000e+000
400	400	-7.000000000000000500e-008
396	401	1.500000000000000000e+000
399	401	-1.500000000000000000e+000
401	401	-7.000000000000000500e-008
394	402	1.500000000000000000e+000
396	402	-1.500000000000000000e+000
402	402	-7.000000000000000500e-008
403	403	7.000000000000000500e-008
403	404	-5.000000000000000000e-001
404	404	-2.299828002737216400e+001
403	405	5.000000000000000000e-001
404	405	-2.246976825577911200e+001
405	405	-2.299828002737216400e+001
404	406	0.000000000000000000e+000
406	406	-4.902081063079917200e+000
405	406	0.000000000000000000e+000
404	407	0.000000000000000000e+000
406	407	-0.000000000000000000e+000
407	407	-4.902081063079917200e+000
405	407	0.000000000000000000e+000
408	408	-7.000000000000000500e-008
409	409	-7.000000000000000500e-008
410	410	-4.596777957376382100e+001
411	411	-4.596777957376382100e+001
412	412	-7.000000000000000500e-008
413	413	-4.596777957376382100e+001
414	414	-4.596777957376382100e+001
415	415	-7.000000000000000500e-008
416	416	7.000000000000000500e-008
412	416	1.000000000000000000e+000
415	416	1.000000000000000000e+000
417	417	-7.000000000000000500e-008
418	418	-4.520756138759241300e+001
419	419	-4.520756138759241300e+001
420	420	-7.000000000000000500e-008
421	421	-4.520756138759241300e+001
422	422	-4.520756138759241300e+001
423	423	7.000000000000000500e-008
420	423	1.000000000000000000e+000
422	423	-1.000000000000000000e+000
421	423	1.000000000000000000e+000
424	424	-4.520756138759241300e+001
425	425	-4.520756138759241300e+001
426	426	7.000000000000000500e-008
425	426	-1.000000000000000000e+000
424	426	1.000000000000000000e+000
422	426	1.000000000000000000e+000
421	426	-1.000000000000000000e+000
427	427	7.000000000000000500e-008
419	427	-1.000000000000000000e+000
418	427	1.000000000000000000e+000
425	427	1.000000000000000000e+000
424	427	-1.000000000000000000e+000
428	428	-4.596777957376382100e+001
429	429	-4.596777957376382100e+001
430	430	-7.000000000000000500e-008
431	431	-4.596777957376382100e+001
432	432	-4.596777957376382100e+001
433	433	-7.000000000000000500e-008
434	434	-7.000000000000000500e-008
435	435	7.000000000000000500e-008
434	435	1.000000000000000000e+000
436	436	7.000000000000000500e-008
433	436	1.000000000000000000e+000
436	437	-1.500000000000000000e+000
435	437	1.000000000000000000e+000
437	437	-7.000000000000000500e-008
436	438	1.000000000000000000e+000
438	438	-7.000000000000000500e-008
439	439	7.000000000000000500e-008
430	439	1.000000000000000000e+000
437	439	1.000000000000000000e+000
439	440	-1.020000000000000000e+000
426	440	3.240000000000000200e+000
436	440	-3.240000000000000200e+000
435	440	-4.019999999999999600e+000
423	440	3.240000000000000200e+000
440	440	-7.000000000000000500e-008
427	441	3.240000000000000200e+000
439	441	-4.019999999999999600e+000
426	441	3.240000000000000200e+000
441	441	-7.000000000000000500e-008
442	442	7.000000000000000500e-008
417	442	1.000000000000000000e+000
430	442	-1.500000000000000000e+000
441	442	-3.240000000000000200e+000
438	442	1.000000000000000000e+000
437	442	1.500000000000000000e+000
440	442	-3.240000000000000200e+000
432	442	-1.000000000000000000e+000
431	442	1.000000000000000000e+000
443	443	7.000000000000000500e-008
415	443	1.000000000000000000e+000
430	443	1.000000000000000000e+000
441	443	-1.020000000000000000e+000
416	444	-1.020000000000000000e+000
443	444	-4.019999999999999600e+000
427	444	3.240000000000000200e+000
444	444	-7.000000000000000500e-008
445	445	7.000000000000000500e-008
409	445	1.000000000000000000e+000
415	445	-1.500000000000000000e+000
444	445	-3.240000000000000200e+000
417	445	1.000000000000000000e+000
430	445	1.500000000000000000e+000
441	445	-3.240000000000000200e+000
429	445	-1.000000000000000000e+000
428	445	1.000000000000000000e+000
446	446	7.000000000000000500e-008
408	446	1.000000000000000000e+000
412	446	-1.500000000000000000e+000
409	446	1.000000000000000000e+000
415	446	1.500000000000000000e+000
444	446	-3.240000000000000200e+000
414	446	-1.000000000000000000e+000
413	446	1.000000000000000000e+000
447	447	7.000000000000000500e-008
395	447	1.000000000000000000e+000
408	447	-1.500000000000000000e+000
402	447	1.000000000000000000e+000
409	447	1.500000000000000000e+000
406	447	-1.000000000000000000e+000
448	448	7.000000000000000500e-008
401	448	1.000000000000000000e+000
417	448	-1.500000000000000000e+000
400	448	1.000000000000000000e+000
438	448	1.500000000000000000e+000
340	448	-1.000000000000000000e+000
449	449	7.000000000000000500e-008
400	449	1.000000000000000000e+000
438	449	-1.500000000000000000e+000
343	449	1.000000000000000000e+000
347	449	-1.000000000000000000e+000
450	450	7.000000000000000500e-008
402	450	1.000000000000000000e+000
409	450	-1.500000000000000000e+000
401	450	1.000000000000000000e+000
417	450	1.500000000000000000e+000
335	450	-1.000000000000000000e+000
451	451	7.000000000000000500e-008
328	451	1.000000000000000000e+000
330	451	-4.019999999999999600e+000
412	451	1.000000000000000000e+000
451	452	-1.020000000000000000e+000
322	452	3.240000000000000200e+000
446	452	-3.240000000000000200e+000
416	452	-4.019999999999999600e+000
452	452	-7.000000000000000500e-008
453	453	7.000000000000000500e-008
452	453	3.240000000000000200e+000
444	453	3.240000000000000200e+000
316	453	-1.000000000000000000e+000
315	453	1.000000000000000000e+000
419	453	1.000000000000000000e+000
418	453	-1.000000000000000000e+000
454	454	7.000000000000000500e-008
314	454	1.000000000000000000e+000
328	454	-1.500000000000000000e+000
330	454	-3.240000000000000200e+000
408	454	1.000000000000000000e+000
412	454	1.500000000000000000e+000
452	454	-3.240000000000000200e+000
411	454	-1.000000000000000000e+000
410	454	1.000000000000000000e+000
455	455	7.000000000000000500e-008
314	455	-1.500000000000000000e+000
395	455	1.000000000000000000e+000
408	455	1.500000000000000000e+000
296	455	-1.000000000000000000e+000
456	456	7.000000000000000500e-008
292	456	-1.500000000000000000e+000
356	456	1.000000000000000000e+000
358	456	1.500000000000000000e+000
407	456	-1.000000000000000000e+000
309	457	1.500000000000000000e+000
313	457	1.000000000000000000e+000
354	457	-1.500000000000000000e+000
456	457	1.000000000000000000e+000
457	457	-7.000000000000000500e-008
458	458	-7.000000000000000500e-008
459	459	7.000000000000000500e-008
459	460	-5.000000000000000000e-001
460	460	-2.313823370789095800e+001
459	461	5.000000000000000000e-001
460	461	-2.232972183492089300e+001
461	461	-2.313823370789095800e+001
460	462	0.000000000000000000e+000
462	462	-6.063116516779001800e+000
461	462	0.000000000000000000e+000
460	463	0.000000000000000000e+000
462	463	-0.000000000000000000e+000
463	463	-6.063116516779001800e+000
461	463	0.000000000000000000e+000
464	464	-7.000000000000000500e-008
465	465	-7.000000000000000500e-008
466	466	7.000000000000000500e-008
466	467	-5.000000000000000000e-001
467	467	-2.321465038947516400e+001
466	468	5.000000000000000000e-001
467	468	-2.225327731974160300e+001
468	468	-2.321465038947516700e+001
467	469	0.000000000000000000e+000
469	469	-6.611477991813433900e+000
468	469	0.000000000000000000e+000
467	470	0.000000000000000000e+000
469	470	-0.000000000000000000e+000
470	470	-6.611477991813433900e+000
468	470	0.000000000000000000e+000
471	471	7.000000000000000500e-008
472	472	7.000000000000000500e-008
471	473	1.500000000000000000e+000
472	473	-1.500000000000000000e+000
473	473	-7.000000000000000500e-008
474	474	7.000000000000000500e-008
475	475	7.000000000000000500e-008
474	476	1.500000000000000000e+000
475	476	-1.500000000000000000e+000
476	476	-7.000000000000000500e-008
472	477	1.500000000000000000e+000
474	477	-1.500000000000000000e+000
477	477	-7.000000000000000500e-008
478	478	7.000000000000000500e-008
473	478	1.000000000000000000e+000
464	478	-1.500000000000000000e+000
477	478	1.000000000000000000e+000
465	478	1.500000000000000000e+000
469	478	-1.000000000000000000e+000
479	479	7.000000000000000500e-008
477	479	1.000000000000000000e+000
465	479	-1.500000000000000000e+000
476	479	1.000000000000000000e+000
458	479	1.500000000000000000e+000
462	479	-1.000000000000000000e+000
480	480	-7.000000000000000500e-008
481	481	7.000000000000000500e-008
481	482	-5.000000000000000000e-001
482	482	-2.331843480062473600e+001
481	483	5.000000000000000000e-001
482	483	-2.214946676458663100e+001
483	483	-2.331843480062474000e+001
482	484	0.000000000000000000e+000
484	484	-7.290440562507808600e+000
483	484	0.000000000000000000e+000
482	485	0.000000000000000000e+000
484	485	-0.000000000000000000e+000
485	485	-7.290440562507808600e+000
483	485	0.000000000000000000e+000
486	486	-7.000000000000000500e-008
487	487	-7.000000000000000500e-008
488	488	7.000000000000000500e-008
488	489	-5.000000000000000000e-001
489	489	-2.346546996362853900e+001
488	490	5.000000000000000000e-001
489	490	-2.200240726436233600e+001
490	490	-2.346546996362854300e+001
489	491	0.000000000000000000e+000
491	491	-8.156123784438820600e+000
490	491	0.000000000000000000e+000
489	492	0.000000000000000000e+000
491	492	-0.000000000000000000e+000
492	492	-8.156123784438820600e+000
490	492	0.000000000000000000e+000
493	493	7.000000000000000500e-008
494	494	7.000000000000000500e-008
493	495	1.500000000000000000e+000
494	495	-1.500000000000000000e+000
495	495	-7.000000000000000500e-008
496	496	7.000000000000000500e-008
497	497	7.000000000000000500e-008
496	498	1.500000000000000000e+000
497	498	-1.500000000000000000e+000
498	498	-7.000000000000000500e-008
494	499	1.500000000000000000e+000
496	499	-1.500000000000000000e+000
499	499	-7.000000000000000500e-008
500	500	7.000000000000000500e-008
499	500	1.000000000000000000e+000
486	500	-1.500000000000000000e+000
498	500	1.000000000000000000e+000
487	500	1.500000000000000000e+000
492	500	-1.000000000000000000e+000
501	501	7.000000000000000500e-008
498	501	1.000000000000000000e+000
487	501	-1.500000000000000000e+000
480	501	1.500000000000000000e+000
485	501	-1.000000000000000000e+000
502	502	-7.000000000000000500e-008
503	503	-4.596777957376382100e+001
504	504	-4.596777957376382100e+001
505	505	-7.000000000000000500e-008
506	506	-4.596777957376382100e+001
507	507	-4.596777957376382100e+001
508	508	-7.000000000000000500e-008
509	509	7.000000000000000500e-008
505	509	1.000000000000000000e+000
508	509	1.000000000000000000e+000
510	510	-4.520756138759241300e+001
511	511	-4.520756138759241300e+001
512	512	-4.520756138759241300e+001
513	513	-4.520756138759241300e+001
514	514	7.000000000000000500e-008
511	514	-1.000000000000000000e+000
510	514	1.000000000000000000e+000
513	514	1.000000000000000000e+000
512	514	-1.000000000000000000e+000
515	515	-4.520756138759241300e+001
516	516	-4.520756138759241300e+001
517	517	-4.520756138759241300e+001
518	518	-4.520756138759241300e+001
519	519	7.000000000000000500e-008
516	519	-1.000000000000000000e+000
515	519	1.000000000000000000e+000
518	519	1.000000000000000000e+000
517	519	-1.000000000000000000e+000
520	520	7.000000000000000500e-008
513	520	-1.000000000000000000e+000
512	520	1.000000000000000000e+000
516	520	1.000000000000000000e+000
515	520	-1.000000000000000000e+000
521	521	-4.596777957376382100e+001
522	522	-4.596777957376382100e+001
523	523	-7.000000000000000500e-008
524	524	-4.596777957376382100e+001
525	525	-4.596777957376382100e+001
526	526	-7.000000000000000500e-008
527	527	7.000000000000000500e-008
523	527	1.000000000000000000e+000
526	527	1.000000000000000000e+000
527	528	-1.020000000000000000e+000
519	528	3.240000000000000200e+000
528	528	-7.000000000000000500e-008
520	529	3.240000000000000200e+000
527	529	-4.019999999999999600e+000
519	529	3.240000000000000200e+000
529	529	-7.000000000000000500e-008
530	530	7.000000000000000500e-008
508	530	1.000000000000000000e+000
523	530	1.000000000000000000e+000
529	530	-1.020000000000000000e+000
509	531	-1.020000000000000000e+000
514	531	3.240000000000000200e+000
530	531	-4.019999999999999600e+000
520	531	3.240000000000000200e+000
531	531	-7.000000000000000500e-008
509	532	-4.019999999999999600e+000
514	532	3.240000000000000200e+000
532	532	-7.000000000000000500e-008
533	533	-7.000000000000000500e-008
534	534	7.000000000000000500e-008
534	535	-5.000000000000000000e-001
535	535	-2.468558224721713800e+001
534	536	5.000000000000000000e-001
535	536	-2.078223450394993000e+001
536	536	-2.468558224721714500e+001
535	537	0.000000000000000000e+000
537	537	-1.332203812886584700e+001
536	537	0.000000000000000000e+000
535	538	0.000000000000000000e+000
537	538	-0.000000000000000000e+000
538	538	-1.332203812886584700e+001
536	538	0.000000000000000000e+000
539	539	-7.000000000000000500e-008
540	540	7.000000000000000500e-008
540	541	-5.000000000000000000e-001
541	541	-2.607392472868096400e+001
540	542	5.000000000000000000e-001
541	542	-1.939387695086282500e+001
542	542	-2.607392472868095700e+001
541	543	0.000000000000000000e+000
543	543	-1.742776771625419500e+001
542	543	0.000000000000000000e+000
541	544	0.000000000000000000e+000
543	544	-0.000000000000000000e+000
544	544	-1.742776771625419500e+001
542	544	0.000000000000000000e+000
545	545	7.000000000000000500e-008
545	546	-5.000000000000000000e-001
546	546	-3.014523453213896400e+001
545	547	5.000000000000000000e-001
546	547	-1.532255550866081800e+001
547	547	-3.014523453213896400e+001
546	548	0.000000000000000000e+000
548	548	-2.596063284439868100e+001
547	548	0.000000000000000000e+000
546	549	0.000000000000000000e+000
548	549	-0.000000000000000000e+000
549	549	-2.596063284439868100e+001
547	549	0.000000000000000000e+000
550	550	-7.000000000000000500e-008
551	551	7.000000000000000500e-008
550	551	1.000000000000000000e+000
552	552	-7.000000000000000500e-008
553	553	7.000000000000000500e-008
552	553	1.000000000000000000e+000
554	554	7.000000000000000500e-008
551	555	1.500000000000000000e+000
553	555	1.000000000000000000e+000
554	555	-1.500000000000000000e+000
555	555	-7.000000000000000500e-008
556	556	7.000000000000000500e-008
555	556	1.000000000000000000e+000
549	556	-1.000000000000000000e+000
557	557	7.000000000000000500e-008
558	558	7.000000000000000500e-008
557	559	1.500000000000000000e+000
558	559	-1.500000000000000000e+000
559	559	-7.000000000000000500e-008
554	560	1.500000000000000000e+000
556	560	1.000000000000000000e+000
557	560	-1.500000000000000000e+000
560	560	-7.000000000000000500e-008
561	561	-7.000000000000000500e-008
562	562	-4.596777957376382100e+001
563	563	-4.596777957376382100e+001
564	564	-7.000000000000000500e-008
565	565	-4.520756138759241300e+001
566	566	-4.520756138759241300e+001
567	567	-7.000000000000000500e-008
568	568	-4.520756138759241300e+001
569	569	-4.520756138759241300e+001
570	570	7.000000000000000500e-008
567	570	1.000000000000000000e+000
569	570	1.000000000000000000e+000
568	570	-1.000000000000000000e+000
571	571	-4.520756138759241300e+001
572	572	-4.520756138759241300e+001
573	573	7.000000000000000500e-008
569	573	-1.000000000000000000e+000
568	573	1.000000000000000000e+000
572	573	1.000000000000000000e+000
571	573	-1.000000000000000000e+000
574	574	7.000000000000000500e-008
572	574	-1.000000000000000000e+000
571	574	1.000000000000000000e+000
566	574	1.000000000000000000e+000
565	574	-1.000000000000000000e+000
575	575	-4.596777957376382100e+001
576	576	-4.596777957376382100e+001
577	577	-7.000000000000000500e-008
578	578	-7.000000000000000500e-008
579	579	7.000000000000000500e-008
578	579	1.000000000000000000e+000
580	580	7.000000000000000500e-008
577	580	1.000000000000000000e+000
580	581	1.500000000000000000e+000
579	581	1.000000000000000000e+000
581	581	-7.000000000000000500e-008
582	582	-7.000000000000000500e-008
583	583	7.000000000000000500e-008
581	583	1.000000000000000000e+000
582	583	1.000000000000000000e+000
580	584	-3.240000000000000200e+000
579	584	-1.020000000000000000e+000
570	584	3.240000000000000200e+000
583	584	-4.019999999999999600e+000
573	584	3.240000000000000200e+000
584	584	-7.000000000000000500e-008
583	585	-1.020000000000000000e+000
573	585	3.240000000000000200e+000
574	585	3.240000000000000200e+000
585	585	-7.000000000000000500e-008
586	586	7.000000000000000500e-008
581	586	-1.500000000000000000e+000
584	586	-3.240000000000000200e+000
582	586	1.500000000000000000e+000
585	586	-3.240000000000000200e+000
576	586	-1.000000000000000000e+000
575	586	1.000000000000000000e+000
587	587	7.000000000000000500e-008
582	587	1.000000000000000000e+000
585	587	-4.019999999999999600e+000
564	587	1.000000000000000000e+000
587	588	-1.020000000000000000e+000
574	588	3.240000000000000200e+000
588	588	-7.000000000000000500e-008
589	589	7.000000000000000500e-008
582	589	-1.500000000000000000e+000
585	589	-3.240000000000000200e+000
561	589	1.000000000000000000e+000
564	589	1.500000000000000000e+000
588	589	-3.240000000000000200e+000
563	589	-1.000000000000000000e+000
562	589	1.000000000000000000e+000
553	590	1.500000000000000000e+000
580	590	1.000000000000000000e+000
556	590	-1.500000000000000000e+000
586	590	1.000000000000000000e+000
590	590	-7.000000000000000500e-008
556	591	1.500000000000000000e+000
586	591	1.000000000000000000e+000
589	591	1.000000000000000000e+000
591	591	-7.000000000000000500e-008
592	592	7.000000000000000500e-008
560	592	1.000000000000000000e+000
591	592	-1.500000000000000000e+000
559	592	1.000000000000000000e+000
561	592	1.500000000000000000e+000
544	592	-1.000000000000000000e+000
593	593	-4.520756138759241300e+001
594	594	-4.520756138759241300e+001
595	595	-4.520756138759241300e+001
596	596	-4.520756138759241300e+001
597	597	7.000000000000000500e-008
594	597	-1.000000000000000000e+000
593	597	1.000000000000000000e+000
596	597	1.000000000000000000e+000
595	597	-1.000000000000000000e+000
598	598	-4.596777957376382100e+001
599	599	-4.596777957376382100e+001
600	600	-7.000000000000000500e-008
601	601	-4.596777957376382100e+001
602	602	-4.596777957376382100e+001
603	603	-7.000000000000000500e-008
604	604	7.000000000000000500e-008
600	604	1.000000000000000000e+000
603	604	1.000000000000000000e+000
604	605	-1.020000000000000000e+000
597	605	3.240000000000000200e+000
605	605	-7.000000000000000500e-008
604	606	-4.019999999999999600e+000
597	606	3.240000000000000200e+000
606	606	-7.000000000000000500e-008
607	607	7.000000000000000500e-008
564	607	1.000000000000000000e+000
588	607	-4.019999999999999600e+000
600	607	1.000000000000000000e+000
606	607	-1.020000000000000000e+000
608	608	7.000000000000000500e-008
588	608	3.240000000000000200e+000
606	608	3.240000000000000200e+000
566	608	-1.000000000000000000e+000
565	608	1.000000000000000000e+000
594	608	1.000000000000000000e+000
593	608	-1.000000000000000000e+000
609	609	7.000000000000000500e-008
561	609	1.000000000000000000e+000
564	609	-1.500000000000000000e+000
588	609	-3.240000000000000200e+000
539	609	1.000000000000000000e+000
600	609	1.500000000000000000e+000
606	609	-3.240000000000000200e+000
599	609	-1.000000000000000000e+000
598	609	1.000000000000000000e+000
610	610	7.000000000000000500e-008
559	610	1.000000000000000000e+000
561	610	-1.500000000000000000e+000
539	610	1.500000000000000000e+000
538	610	-1.000000000000000000e+000
611	611	7.000000000000000500e-008
539	611	1.000000000000000000e+000
600	611	-1.500000000000000000e+000
606	611	-3.240000000000000200e+000
533	611	1.000000000000000000e+000
603	611	1.500000000000000000e+000
605	611	-3.240000000000000200e+000
602	611	-1.000000000000000000e+000
601	611	1.000000000000000000e+000
612	612	-7.000000000000000500e-008
613	613	7.000000000000000500e-008
613	614	-5.000000000000000000e-001
614	614	-2.368570075145770600e+001
613	615	5.000000000000000000e-001
614	615	-2.178215409176533200e+001
615	615	-2.368570075145771300e+001
614	616	0.000000000000000000e+000
616	616	-9.303235093782964400e+000
615	616	0.000000000000000000e+000
614	617	0.000000000000000000e+000
616	617	-0.000000000000000000e+000
617	617	-9.303235093782964400e+000
615	617	0.000000000000000000e+000
618	618	7.000000000000000500e-008
618	619	-5.000000000000000000e-001
619	619	-2.404180371302837900e+001
618	620	5.000000000000000000e-001
619	620	-2.142603088588693100e+001
620	620	-2.404180371302837900e+001
619	621	0.000000000000000000e+000
621	621	-1.090566486981900600e+001
620	621	0.000000000000000000e+000
619	622	0.000000000000000000e+000
621	622	-0.000000000000000000e+000
622	622	-1.090566486981900600e+001
620	622	0.000000000000000000e+000
623	623	7.000000000000000500e-008
624	624	7.000000000000000500e-008
623	625	1.500000000000000000e+000
624	625	-1.500000000000000000e+000
625	625	-7.000000000000000500e-008
626	626	7.000000000000000500e-008
627	627	7.000000000000000500e-008
626	628	1.500000000000000000e+000
627	628	-1.500000000000000000e+000
628	628	-7.000000000000000500e-008
624	629	1.500000000000000000e+000
626	629	-1.500000000000000000e+000
629	629	-7.000000000000000500e-008
630	630	-7.000000000000000500e-008
631	631	-7.000000000000000500e-008
632	632	-7.000000000000000500e-008
633	633	7.000000000000000500e-008
634	634	-7.000000000000000500e-008
635	635	7.000000000000000500e-008
634	635	1.000000000000000000e+000
636	636	-7.000000000000000500e-008
637	637	7.000000000000000500e-008
636	637	1.000000000000000000e+000
638	638	7.000000000000000500e-008
635	639	1.500000000000000000e+000
637	639	1.000000000000000000e+000
638	639	-1.500000000000000000e+000
639	639	-7.000000000000000500e-008
638	640	1.500000000000000000e+000
633	640	-1.500000000000000000e+000
640	640	-7.000000000000000500e-008
641	641	-7.000000000000000500e-008
642	642	-4.596777957376382100e+001
643	643	-4.596777957376382100e+001
644	644	-7.000000000000000500e-008
645	645	-4.520756138759241300e+001
646	646	-4.520756138759241300e+001
647	647	-7.000000000000000500e-008
648	648	-4.520756138759241300e+001
649	649	-4.520756138759241300e+001
650	650	7.000000000000000500e-008
647	650	1.000000000000000000e+000
649	650	1.000000000000000000e+000
648	650	-1.000000000000000000e+000
651	651	-4.520756138759241300e+001
652	652	-4.520756138759241300e+001
653	653	7.000000000000000500e-008
649	653	-1.000000000000000000e+000
648	653	1.000000000000000000e+000
652	653	1.000000000000000000e+000
651	653	-1.000000000000000000e+000
654	654	7.000000000000000500e-008
652	654	-1.000000000000000000e+000
651	654	1.000000000000000000e+000
646	654	1.000000000000000000e+000
645	654	-1.000000000000000000e+000
655	655	-4.596777957376382100e+001
656	656	-4.596777957376382100e+001
657	657	-7.000000000000000500e-008
658	658	-7.000000000000000500e-008
659	659	7.000000000000000500e-008
658	659	1.000000000000000000e+000
660	660	7.000000000000000500e-008
657	660	1.000000000000000000e+000
660	661	1.500000000000000000e+000
659	661	1.000000000000000000e+000
661	661	-7.000000000000000500e-008
662	662	-7.000000000000000500e-008
663	663	7.000000000000000500e-008
661	663	1.000000000000000000e+000
662	663	1.000000000000000000e+000
660	664	-3.240000000000000200e+000
659	664	-1.020000000000000000e+000
650	664	3.240000000000000200e+000
663	664	-4.019999999999999600e+000
653	664	3.240000000000000200e+000
664	664	-7.000000000000000500e-008
663	665	-1.020000000000000000e+000
653	665	3.240000000000000200e+000
654	665	3.240000000000000200e+000
665	665	-7.000000000000000500e-008
666	666	7.000000000000000500e-008
662	666	1.000000000000000000e+000
665	666	-4.019999999999999600e+000
644	666	1.000000000000000000e+000
666	667	-1.020000000000000000e+000
654	667	3.240000000000000200e+000
667	667	-7.000000000000000500e-008
668	668	7.000000000000000500e-008
661	668	-1.500000000000000000e+000
664	668	-3.240000000000000200e+000
641	668	1.000000000000000000e+000
662	668	1.500000000000000000e+000
665	668	-3.240000000000000200e+000
656	668	-1.000000000000000000e+000
655	668	1.000000000000000000e+000
637	669	1.500000000000000000e+000
660	669	1.000000000000000000e+000
668	669	1.000000000000000000e+000
669	669	-7.000000000000000500e-008
670	670	7.000000000000000500e-008
641	670	1.000000000000000000e+000
662	670	-1.500000000000000000e+000
665	670	-3.240000000000000200e+000
632	670	1.000000000000000000e+000
644	670	1.500000000000000000e+000
667	670	-3.240000000000000200e+000
643	670	-1.000000000000000000e+000
642	670	1.000000000000000000e+000
671	671	-4.520756138759241300e+001
672	672	-4.520756138759241300e+001
673	673	-4.520756138759241300e+001
674	674	-4.520756138759241300e+001
675	675	7.000000000000000500e-008
672	675	-1.000000000000000000e+000
671	675	1.000000000000000000e+000
674	675	1.000000000000000000e+000
673	675	-1.000000000000000000e+000
676	676	-4.596777957376382100e+001
677	677	-4.596777957376382100e+001
678	678	-7.000000000000000500e-008
679	679	-4.596777957376382100e+001
680	680	-4.596777957376382100e+001
681	681	-7.000000000000000500e-008
682	682	7.000000000000000500e-008
678	682	1.000000000000000000e+000
681	682	1.000000000000000000e+000
682	683	-1.020000000000000000e+000
675	683	3.240000000000000200e+000
683	683	-7.000000000000000500e-008
682	684	-4.019999999999999600e+000
675	684	3.240000000000000200e+000
684	684	-7.000000000000000500e-008
685	685	7.000000000000000500e-008
644	685	1.000000000000000000e+000
667	685	-4.019999999999999600e+000
678	685	1.000000000000000000e+000
684	685	-1.020000000000000000e+000
686	686	7.000000000000000500e-008
667	686	3.240000000000000200e+000
684	686	3.240000000000000200e+000
646	686	-1.000000000000000000e+000
645	686	1.000000000000000000e+000
672	686	1.000000000000000000e+000
671	686	-1.000000000000000000e+000
687	687	7.000000000000000500e-008
632	687	1.000000000000000000e+000
644	687	-1.500000000000000000e+000
667	687	-3.240000000000000200e+000
631	687	1.000000000000000000e+000
678	687	1.500000000000000000e+000
684	687	-3.240000000000000200e+000
677	687	-1.000000000000000000e+000
676	687	1.000000000000000000e+000
688	688	7.000000000000000500e-008
631	688	1.000000000000000000e+000
678	688	-1.500000000000000000e+000
684	688	-3.240000000000000200e+000
630	688	1.000000000000000000e+000
681	688	1.500000000000000000e+000
683	688	-3.240000000000000200e+000
680	688	-1.000000000000000000e+000
679	688	1.000000000000000000e+000
633	689	1.500000000000000000e+000
623	689	-1.500000000000000000e+000
689	689	-7.000000000000000500e-008
690	690	7.000000000000000500e-008
625	690	1.000000000000000000e+000
631	690	-1.500000000000000000e+000
629	690	1.000000000000000000e+000
630	690	1.500000000000000000e+000
621	690	-1.000000000000000000e+000
691	691	7.000000000000000500e-008
629	691	1.000000000000000000e+000
630	691	-1.500000000000000000e+000
628	691	1.000000000000000000e+000
612	691	1.500000000000000000e+000
616	691	-1.000000000000000000e+000
692	692	7.000000000000000500e-008
639	692	1.000000000000000000e+000
669	692	-1.500000000000000000e+000
640	692	1.000000000000000000e+000
641	692	1.500000000000000000e+000
548	692	-1.000000000000000000e+000
693	693	7.000000000000000500e-008
640	693	1.000000000000000000e+000
641	693	-1.500000000000000000e+000
689	693	1.000000000000000000e+000
632	693	1.500000000000000000e+000
543	693	-1.000000000000000000e+000
694	694	7.000000000000000500e-008
689	694	1.000000000000000000e+000
632	694	-1.500000000000000000e+000
625	694	1.000000000000000000e+000
631	694	1.500000000000000000e+000
537	694	-1.000000000000000000e+000
695	695	7.000000000000000500e-008
630	695	1.000000000000000000e+000
681	695	-1.500000000000000000e+000
683	695	-3.240000000000000200e+000
612	695	1.000000000000000000e+000
505	695	1.500000000000000000e+000
532	695	-3.240000000000000200e+000
504	695	-1.000000000000000000e+000
503	695	1.000000000000000000e+000
696	696	7.000000000000000500e-008
683	696	3.240000000000000200e+000
532	696	3.240000000000000200e+000
674	696	-1.000000000000000000e+000
673	696	1.000000000000000000e+000
511	696	1.000000000000000000e+000
510	696	-1.000000000000000000e+000
697	697	7.000000000000000500e-008
681	697	1.000000000000000000e+000
683	697	-4.019999999999999600e+000
505	697	1.000000000000000000e+000
532	697	-1.020000000000000000e+000
698	698	7.000000000000000500e-008
612	698	1.000000000000000000e+000
505	698	-1.500000000000000000e+000
532	698	-3.240000000000000200e+000
502	698	1.000000000000000000e+000
508	698	1.500000000000000000e+000
531	698	-3.240000000000000200e+000
507	698	-1.000000000000000000e+000
506	698	1.000000000000000000e+000
699	699	7.000000000000000500e-008
539	699	-1.500000000000000000e+000
495	699	1.000000000000000000e+000
533	699	1.500000000000000000e+000
622	699	-1.000000000000000000e+000
700	700	7.000000000000000500e-008
495	700	1.000000000000000000e+000
533	700	-1.500000000000000000e+000
499	700	1.000000000000000000e+000
486	700	1.500000000000000000e+000
617	700	-1.000000000000000000e+000
701	701	7.000000000000000500e-008
628	701	1.000000000000000000e+000
612	701	-1.500000000000000000e+000
502	701	1.500000000000000000e+000
491	701	-1.000000000000000000e+000
558	702	1.500000000000000000e+000
610	702	1.000000000000000000e+000
493	702	-1.500000000000000000e+000
699	702	1.000000000000000000e+000
702	702	-7.000000000000000500e-008
703	703	7.000000000000000500e-008
502	703	1.000000000000000000e+000
508	703	-1.500000000000000000e+000
531	703	-3.240000000000000200e+000
464	703	1.000000000000000000e+000
523	703	1.500000000000000000e+000
529	703	-3.240000000000000200e+000
522	703	-1.000000000000000000e+000
521	703	1.000000000000000000e+000
704	704	7.000000000000000500e-008
464	704	1.000000000000000000e+000
523	704	-1.500000000000000000e+000
529	704	-3.240000000000000200e+000
465	704	1.000000000000000000e+000
526	704	1.500000000000000000e+000
528	704	-3.240000000000000200e+000
525	704	-1.000000000000000000e+000
524	704	1.000000000000000000e+000
627	705	1.500000000000000000e+000
701	705	1.000000000000000000e+000
471	705	-1.500000000000000000e+000
705	705	-7.000000000000000500e-008
706	706	7.000000000000000500e-008
705	706	1.000000000000000000e+000
502	706	-1.500000000000000000e+000
473	706	1.000000000000000000e+000
464	706	1.500000000000000000e+000
484	706	-1.000000000000000000e+000
707	707	7.000000000000000500e-008
533	707	1.000000000000000000e+000
603	707	-1.500000000000000000e+000
605	707	-3.240000000000000200e+000
486	707	1.000000000000000000e+000
261	707	1.500000000000000000e+000
288	707	-3.240000000000000200e+000
260	707	-1.000000000000000000e+000
259	707	1.000000000000000000e+000
708	708	7.000000000000000500e-008
603	708	1.000000000000000000e+000
605	708	-4.019999999999999600e+000
261	708	1.000000000000000000e+000
288	708	-1.020000000000000000e+000
709	709	7.000000000000000500e-008
605	709	3.240000000000000200e+000
288	709	3.240000000000000200e+000
596	709	-1.000000000000000000e+000
595	709	1.000000000000000000e+000
267	709	1.000000000000000000e+000
266	709	-1.000000000000000000e+000
710	710	7.000000000000000500e-008
486	710	1.000000000000000000e+000
261	710	-1.500000000000000000e+000
288	710	-3.240000000000000200e+000
487	710	1.000000000000000000e+000
264	710	1.500000000000000000e+000
287	710	-3.240000000000000200e+000
263	710	-1.000000000000000000e+000
262	710	1.000000000000000000e+000
711	711	7.000000000000000500e-008
487	711	1.000000000000000000e+000
264	711	-1.500000000000000000e+000
287	711	-3.240000000000000200e+000
480	711	1.000000000000000000e+000
279	711	1.500000000000000000e+000
285	711	-3.240000000000000200e+000
278	711	-1.000000000000000000e+000
277	711	1.000000000000000000e+000
712	712	7.000000000000000500e-008
480	712	-1.500000000000000000e+000
307	712	1.000000000000000000e+000
291	712	1.500000000000000000e+000
470	712	-1.000000000000000000e+000
713	713	7.000000000000000500e-008
480	713	1.000000000000000000e+000
279	713	-1.500000000000000000e+000
285	713	-3.240000000000000200e+000
291	713	1.000000000000000000e+000
282	713	1.500000000000000000e+000
284	713	-3.240000000000000200e+000
281	713	-1.000000000000000000e+000
280	713	1.000000000000000000e+000
714	714	7.000000000000000500e-008
307	714	1.000000000000000000e+000
291	714	-1.500000000000000000e+000
311	714	1.000000000000000000e+000
298	714	1.500000000000000000e+000
463	714	-1.000000000000000000e+000
715	715	7.000000000000000500e-008
465	715	1.000000000000000000e+000
526	715	-1.500000000000000000e+000
528	715	-3.240000000000000200e+000
458	715	1.000000000000000000e+000
325	715	1.500000000000000000e+000
331	715	-3.240000000000000200e+000
324	715	-1.000000000000000000e+000
323	715	1.000000000000000000e+000
716	716	7.000000000000000500e-008
291	716	1.000000000000000000e+000
282	716	-1.500000000000000000e+000
284	716	-3.240000000000000200e+000
298	716	1.000000000000000000e+000
250	716	1.500000000000000000e+000
256	716	-3.240000000000000200e+000
249	716	-1.000000000000000000e+000
248	716	1.000000000000000000e+000
717	717	7.000000000000000500e-008
526	717	1.000000000000000000e+000
528	717	-4.019999999999999600e+000
325	717	1.000000000000000000e+000
331	717	-1.020000000000000000e+000
718	718	7.000000000000000500e-008
528	718	3.240000000000000200e+000
331	718	3.240000000000000200e+000
518	718	-1.000000000000000000e+000
517	718	1.000000000000000000e+000
318	718	1.000000000000000000e+000
317	718	-1.000000000000000000e+000
719	719	7.000000000000000500e-008
476	719	1.000000000000000000e+000
458	719	-1.500000000000000000e+000
314	719	1.500000000000000000e+000
303	719	-1.000000000000000000e+000
720	720	7.000000000000000500e-008
458	720	1.000000000000000000e+000
325	720	-1.500000000000000000e+000
331	720	-3.240000000000000200e+000
314	720	1.000000000000000000e+000
328	720	1.500000000000000000e+000
330	720	-3.240000000000000200e+000
327	720	-1.000000000000000000e+000
326	720	1.000000000000000000e+000
721	721	7.000000000000000500e-008
298	721	1.000000000000000000e+000
250	721	-1.500000000000000000e+000
256	721	-3.240000000000000200e+000
299	721	1.000000000000000000e+000
253	721	1.500000000000000000e+000
255	721	-3.240000000000000200e+000
252	721	-1.000000000000000000e+000
251	721	1.000000000000000000e+000
722	722	7.000000000000000500e-008
299	722	1.000000000000000000e+000
253	722	-1.500000000000000000e+000
255	722	-3.240000000000000200e+000
292	722	1.000000000000000000e+000
239	722	1.500000000000000000e+000
258	722	-3.240000000000000200e+000
238	722	-1.000000000000000000e+000
237	722	1.000000000000000000e+000
723	723	7.000000000000000500e-008
292	723	1.000000000000000000e+000
239	723	-1.500000000000000000e+000
258	723	-3.240000000000000200e+000
358	723	1.000000000000000000e+000
362	723	1.500000000000000000e+000
387	723	-3.240000000000000200e+000
361	723	-1.000000000000000000e+000
360	723	1.000000000000000000e+000
724	724	7.000000000000000500e-008
239	724	1.000000000000000000e+000
258	724	-4.019999999999999600e+000
362	724	1.000000000000000000e+000
387	724	-1.020000000000000000e+000
725	725	7.000000000000000500e-008
258	725	3.240000000000000200e+000
387	725	3.240000000000000200e+000
241	725	-1.000000000000000000e+000
240	725	1.000000000000000000e+000
364	725	1.000000000000000000e+000
363	725	-1.000000000000000000e+000
475	726	1.500000000000000000e+000
719	726	1.000000000000000000e+000
393	726	-1.500000000000000000e+000
455	726	1.000000000000000000e+000
726	726	-7.000000000000000500e-008
497	727	1.500000000000000000e+000
501	727	1.000000000000000000e+000
305	727	-1.500000000000000000e+000
712	727	1.000000000000000000e+000
727	727	-7.000000000000000500e-008
727	727	0.000000000000000000e+000
