+1.1279102079189990e-013
+1.1279102079189990e-013
+1.7584638302606705e-010
+1.0059013967778588e-013
+1.1279102079189990e-013
+1.1279102079189990e-013
+1.1279102079189990e-013
+1.1279102079189990e-013
+3.2060645598717018e-013
+1.2450306098965312e-013
+1.1279102079189990e-013
+1.1279102079189990e-013
+1.1279102079189990e-013
+1.1279102079189990e-013
+1.1733065237347395e-010
+1.0691009157539272e-013
+1.1279102079189990e-013
+1.1279102079189990e-013
+1.1279102079189990e-013
+1.1279102079189990e-013
+3.4930331510922253e-012
+1.2413916789254903e-013
+1.1279102079189990e-013
+1.1279102079189990e-013
+1.1279102079189990e-013
+1.1279102079189990e-013
+6.0647272718504545e-011
+1.1358463569592306e-013
+1.1279102079189990e-013
+1.1279102079189990e-013
+1.1279102079189990e-013
+1.1279102079189990e-013
+3.5630062285132199e-012
+1.2669337711135008e-013
+1.1279102079189990e-013
+1.1279102079189990e-013
+1.1279102079189990e-013
+1.1279102079189990e-013
+7.5053465188932936e-012
+3.4382191932114422e-013
+1.1279102079189990e-013
+1.1279102079189990e-013
+1.1279102079189990e-013
+1.1279102079189990e-013
+1.7529007514716388e-013
+2.0246076979157386e-013
+1.1279102079189990e-013
+1.1279102079189990e-013
+1.1279102079189990e-013
+1.1279102079189990e-013
+1.8343507157083940e-013
+4.4100995573530784e-011
+1.1279102079189990e-013
+1.1279102079189990e-013
+1.1279102079189990e-013
+1.1279102079189990e-013
+1.2830729043982783e-013
+3.5837019639382075e-012
+1.1279102079189990e-013
+1.1279102079189990e-013
+1.1279102079189990e-013
+1.1279102079189990e-013
+1.0371396539586516e-013
+9.6685904008400825e-011
+1.1279102079189990e-013
+1.1279102079189990e-013
+1.1279102079189990e-013
+1.1279102079189990e-013
+1.1660218985030540e-013
+3.8901556497416894e-012
+1.1279102079189990e-013
+1.1279102079189990e-013
+1.1279102079189990e-013
+1.1279102079189990e-013
+9.1983624575789544e-014
+1.5356579403468289e-010
+1.1279102079189990e-013
+1.1279102079189990e-013
+1.1279102079189990e-013
+1.1279102079189990e-013
+1.2943962875715924e-013
+2.5836187707364389e-013
+1.1279102079189990e-013
+1.1279102079189990e-013
+2.1295669846784004e-013
+2.1295669846784004e-013
+3.0789319858395899e-014
+4.4662809637458960e-014
+2.1295669846784004e-013
+2.1295669846784004e-013
+2.1295669846784004e-013
+2.1295669846784004e-013
+6.7448374206126018e-014
+3.0167843219957483e-014
+2.1295669846784004e-013
+2.1295669846784004e-013
+2.1295669846784004e-013
+2.1295669846784004e-013
+2.7357204513568156e-014
+1.0651130031584276e-013
+2.1295669846784004e-013
+2.1295669846784004e-013
+2.1295669846784004e-013
+2.1295669846784004e-013
+1.9210450137723422e-013
+2.9038156020474221e-014
+2.1295669846784004e-013
+2.1295669846784004e-013
+2.1295669846784004e-013
+2.1295669846784004e-013
+3.6673228417474748e-014
+2.6867379840445324e-013
+2.1295669846784004e-013
+2.1295669846784004e-013
+2.1295669846784004e-013
+2.1295669846784004e-013
+2.3212028686249794e-013
+6.2949146835702748e-014
+2.1295669846784004e-013
+2.1295669846784004e-013
+2.1295669846784004e-013
+2.1295669846784004e-013
+5.2380327286133322e-014
+9.6075674198764463e-014
+2.1295669846784004e-013
+2.1295669846784004e-013
+2.1295669846784004e-013
+2.1295669846784004e-013
+3.7998521874086405e-014
+4.5583268005916575e-014
+2.1295669846784004e-013
+2.1295669846784004e-013
+2.1295669846784004e-013
+2.1295669846784004e-013
+9.7466094924425058e-014
+4.6580031430144195e-014
+2.1295669846784004e-013
+2.1295669846784004e-013
+2.1295669846784004e-013
+2.1295669846784004e-013
+4.1133629968159662e-014
+2.2532399319225128e-013
+2.1295669846784004e-013
+2.1295669846784004e-013
+2.1295669846784004e-013
+2.1295669846784004e-013
+2.8197648302415107e-013
+3.6531707550044694e-014
+2.1295669846784004e-013
+2.1295669846784004e-013
+2.1295669846784004e-013
+2.1295669846784004e-013
+2.5428360999084644e-014
+2.1800255273556021e-013
+2.1295669846784004e-013
+2.1295669846784004e-013
+2.1295669846784004e-013
+2.1295669846784004e-013
+1.1464952561927833e-013
+2.3621876726862968e-014
+2.1295669846784004e-013
+2.1295669846784004e-013
+2.1295669846784004e-013
+2.1295669846784004e-013
+3.3489398029441626e-014
+4.2029939608166500e-014
+2.1295669846784004e-013
+2.1295669846784004e-013
+2.1295669846784004e-013
+2.1295669846784004e-013
+4.4408125733032468e-014
+3.1642212929614237e-014
+2.1295669846784004e-013
+2.1295669846784004e-013
+9.7899801461570315e-016
+1.0389510939865536e-015
+1.1129708706009951e-015
+1.2816473851397172e-015
+1.3642842041959862e-015
+1.7271008264542663e-015
+2.6327510577787498e-015
+2.2016557450695053e-015
+2.5775734133659689e-015
+4.1387506778459517e-015
+6.8476708810244591e-015
+1.2075139566827228e-014
+2.5580553120344633e-014
+6.8589996048355131e-014
+8.8065497661174305e-015
+9.3286494907446262e-015
+9.3634142377557330e-015
+8.6893466371251507e-015
+8.4384440741798891e-015
+8.9594527297079585e-015
+9.9962277953907464e-015
+1.0695401530751908e-014
+1.1799238196814405e-014
+1.4902470678397084e-014
+1.9513703640890254e-014
+2.6036520496345703e-014
+3.9549438179553122e-014
+7.1810551282377590e-014
+1.0000000000000815e+000
+0.0000000000000000e+000
+0.0000000000000000e+000
-9.9999999999992140e-001
+2.8284271247462716e+000
+0.0000000000000000e+000
+0.0000000000000000e+000
-2.8284271247461117e+000
+5.1961524227067137e+000
+0.0000000000000000e+000
+0.0000000000000000e+000
-5.1961524227065548e+000
+8.0000000000000799e+000
+0.0000000000000000e+000
+0.0000000000000000e+000
-7.9999999999999210e+000
+1.1180339887499025e+001
+0.0000000000000000e+000
+0.0000000000000000e+000
-1.1180339887498873e+001
+1.4696938456699153e+001
+0.0000000000000000e+000
+0.0000000000000000e+000
-1.4696938456698987e+001
+1.8520259177452221e+001
+0.0000000000000000e+000
+0.0000000000000000e+000
-1.8520259177452054e+001
+2.2627416997969604e+001
+0.0000000000000000e+000
+0.0000000000000000e+000
-2.2627416997969441e+001
+2.7000000000000082e+001
+0.0000000000000000e+000
+0.0000000000000000e+000
-2.6999999999999922e+001
+3.1622776601683881e+001
+0.0000000000000000e+000
+0.0000000000000000e+000
-3.1622776601683718e+001
+3.6482872693909478e+001
+0.0000000000000000e+000
+0.0000000000000000e+000
-3.6482872693909322e+001
+4.1569219381653141e+001
+0.0000000000000000e+000
+0.0000000000000000e+000
-4.1569219381652971e+001
+4.6872166581031941e+001
+0.0000000000000000e+000
+0.0000000000000000e+000
-4.6872166581031770e+001
+5.2383203414835265e+001
+0.0000000000000000e+000
+0.0000000000000000e+000
-5.2383203414835094e+001
+5.8094750193111324e+001
+0.0000000000000000e+000
+0.0000000000000000e+000
-5.8094750193111182e+001
