+5.7006172562611869e-006
+5.7006172562611869e-006
+2.6085478203959323e-005
+5.8029827888163128e-006
+5.7006172562611869e-006
+5.7006172562611869e-006
+5.7006172562611869e-006
+5.7006172562611869e-006
+6.0408667580145876e-006
+5.2841385605788624e-006
+5.7006172562611869e-006
+5.7006172562611869e-006
+5.7006172562611869e-006
+5.7006172562611869e-006
+1.0979646037056965e-005
+6.0102189803429106e-006
+5.7006172562611869e-006
+5.7006172562611869e-006
+5.7006172562611869e-006
+5.7006172562611869e-006
+8.5204341890868294e-006
+6.2888305678193861e-006
+5.7006172562611869e-006
+5.7006172562611869e-006
+5.7006172562611869e-006
+5.7006172562611869e-006
+4.9096154550735981e-006
+6.2030288173929475e-006
+5.7006172562611869e-006
+5.7006172562611869e-006
+5.7006172562611869e-006
+5.7006172562611869e-006
+8.3452335906382624e-006
+6.3662885075555946e-006
+5.7006172562611869e-006
+5.7006172562611869e-006
+5.7006172562611869e-006
+5.7006172562611869e-006
+1.7163034318266526e-005
+1.0199076257774923e-005
+5.7006172562611869e-006
+5.7006172562611869e-006
+5.7006172562611869e-006
+5.7006172562611869e-006
+5.8369009844161364e-006
+5.3987595805062540e-006
+5.7006172562611869e-006
+5.7006172562611869e-006
+5.7006172562611869e-006
+5.7006172562611869e-006
+7.8531304836257041e-006
+1.4051662445493232e-005
+5.7006172562611869e-006
+5.7006172562611869e-006
+5.7006172562611869e-006
+5.7006172562611869e-006
+6.3981258045605221e-006
+8.5605129054265956e-006
+5.7006172562611869e-006
+5.7006172562611869e-006
+5.7006172562611869e-006
+5.7006172562611869e-006
+5.9062670256716732e-006
+1.5317117092659586e-005
+5.7006172562611869e-006
+5.7006172562611869e-006
+5.7006172562611869e-006
+5.7006172562611869e-006
+6.1129380893532745e-006
+8.5232027618491109e-006
+5.7006172562611869e-006
+5.7006172562611869e-006
+5.7006172562611869e-006
+5.7006172562611869e-006
+5.5570627170690187e-006
+1.9566063001030362e-005
+5.7006172562611869e-006
+5.7006172562611869e-006
+5.7006172562611869e-006
+5.7006172562611869e-006
+4.7734175480200921e-006
+6.4666271893447690e-006
+5.7006172562611869e-006
+5.7006172562611869e-006
+5.4980547974832418e-006
+5.4980547974832418e-006
+6.0154924296582977e-006
+6.1145582795321169e-006
+5.4980547974832418e-006
+5.4980547974832418e-006
+5.4980547974832418e-006
+5.4980547974832418e-006
+6.4675423448315820e-006
+6.4881071997629617e-006
+5.4980547974832418e-006
+5.4980547974832418e-006
+5.4980547974832418e-006
+5.4980547974832418e-006
+6.5049014879937248e-006
+7.0735006421053198e-006
+5.4980547974832418e-006
+5.4980547974832418e-006
+5.4980547974832418e-006
+5.4980547974832418e-006
+8.8831826831166973e-006
+6.8344730370435467e-006
+5.4980547974832418e-006
+5.4980547974832418e-006
+5.4980547974832418e-006
+5.4980547974832418e-006
+7.5069823413203018e-006
+1.1434254905677842e-005
+5.4980547974832418e-006
+5.4980547974832418e-006
+5.4980547974832418e-006
+5.4980547974832418e-006
+1.1988548652990545e-005
+9.4179440532165784e-006
+5.4980547974832418e-006
+5.4980547974832418e-006
+5.4980547974832418e-006
+5.4980547974832418e-006
+8.3096115772417466e-006
+8.2343343157248630e-006
+5.4980547974832418e-006
+5.4980547974832418e-006
+5.4980547974832418e-006
+5.4980547974832418e-006
+6.8241381857338113e-006
+6.0004057460778267e-006
+5.4980547974832418e-006
+5.4980547974832418e-006
+5.4980547974832418e-006
+5.4980547974832418e-006
+8.3951098797096453e-006
+7.7812156606555431e-006
+5.4980547974832418e-006
+5.4980547974832418e-006
+5.4980547974832418e-006
+5.4980547974832418e-006
+7.8913112599978103e-006
+1.0724081590629373e-005
+5.4980547974832418e-006
+5.4980547974832418e-006
+5.4980547974832418e-006
+5.4980547974832418e-006
+1.1249106068382925e-005
+7.5842763518046574e-006
+5.4980547974832418e-006
+5.4980547974832418e-006
+5.4980547974832418e-006
+5.4980547974832418e-006
+6.3447900160271271e-006
+9.7299229436179712e-006
+5.4980547974832418e-006
+5.4980547974832418e-006
+5.4980547974832418e-006
+5.4980547974832418e-006
+7.3296329470510840e-006
+6.0422441701824927e-006
+5.4980547974832418e-006
+5.4980547974832418e-006
+5.4980547974832418e-006
+5.4980547974832418e-006
+6.0301471981112819e-006
+6.2424535471280808e-006
+5.4980547974832418e-006
+5.4980547974832418e-006
+5.4980547974832418e-006
+5.4980547974832418e-006
+6.2010447791406544e-006
+6.0239916132200348e-006
+5.4980547974832418e-006
+5.4980547974832418e-006
+6.9127194613809972e-006
+6.7302603122794563e-006
+6.5510803129138414e-006
+6.5697615122174489e-006
+6.2734915018673174e-006
+6.4588198958366489e-006
+7.1804717286217942e-006
+5.7635258300960907e-006
+5.3409955258599197e-006
+5.6388960859462548e-006
+5.8114120267748524e-006
+5.8402970860745241e-006
+5.9149836032172352e-006
+5.8365910046406950e-006
+5.8927122011648208e-006
+5.9660519303917945e-006
+5.8758280592003707e-006
+5.6068981279800782e-006
+5.4741784810841462e-006
+5.5918446720688348e-006
+5.8341815645297467e-006
+5.8498591156412553e-006
+5.7432754252420920e-006
+5.8695327966171866e-006
+5.9690251058219352e-006
+5.9008582817785032e-006
+5.7947056454395286e-006
+5.7251965972485153e-006
+5.8297189037829379e-006
+0.0000000000000000e+000
+0.0000000000000000e+000
-2.9146288631950636e-007
+6.2282587866017749e-006
+0.0000000000000000e+000
+0.0000000000000000e+000
-6.9010951831348232e-007
+6.6957879768044305e-006
+0.0000000000000000e+000
+0.0000000000000000e+000
-1.1571807929577434e-006
+7.1898348123788971e-006
+0.0000000000000000e+000
+0.0000000000000000e+000
-1.6516513775556605e-006
+7.6928452086268424e-006
+0.0000000000000000e+000
+0.0000000000000000e+000
-2.1538291173898627e-006
+8.1948730767673393e-006
+0.0000000000000000e+000
+0.0000000000000000e+000
-2.6572558151159214e-006
+8.6929307799597351e-006
+0.0000000000000000e+000
+0.0000000000000000e+000
-3.1559678251881633e-006
+9.1858601298278046e-006
+0.0000000000000000e+000
+0.0000000000000000e+000
-3.6488370003209256e-006
+9.6742938454787120e-006
+0.0000000000000000e+000
+0.0000000000000000e+000
-4.1335182678063675e-006
+1.0151334481170742e-005
+0.0000000000000000e+000
+0.0000000000000000e+000
-4.6152520474295981e-006
+1.0623171412569887e-005
+0.0000000000000000e+000
+0.0000000000000000e+000
-5.0881403941438188e-006
+1.1089176031441892e-005
+0.0000000000000000e+000
+0.0000000000000000e+000
-5.5544878481696877e-006
+1.1550517207737372e-005
+0.0000000000000000e+000
+0.0000000000000000e+000
-6.0146913192624326e-006
+1.2001921027669812e-005
+0.0000000000000000e+000
+0.0000000000000000e+000
-6.4684473914583967e-006
+1.2452687685138096e-005
+0.0000000000000000e+000
+0.0000000000000000e+000
-6.9138381958496345e-006
