+0.0000000000000000e+000
+5.1109955882581092e-012
+0.0000000000000000e+000
+0.0000000000000000e+000
+4.6872868686946483e-011
+0.0000000000000000e+000
+0.0000000000000000e+000
-3.2235890162787389e-011
+0.0000000000000000e+000
+0.0000000000000000e+000
-1.7613975549784836e-012
+0.0000000000000000e+000
+0.0000000000000000e+000
+5.1133494192379530e-012
+0.0000000000000000e+000
+0.0000000000000000e+000
+4.0054015930142612e-011
+0.0000000000000000e+000
+0.0000000000000000e+000
+2.6952673531178518e-011
+0.0000000000000000e+000
+0.0000000000000000e+000
+1.7474295069315608e-012
+0.0000000000000000e+000
+0.0000000000000000e+000
+5.1194282334549405e-012
+0.0000000000000000e+000
+0.0000000000000000e+000
+3.3232058257220145e-011
+0.0000000000000000e+000
+0.0000000000000000e+000
-2.1703561995909318e-011
+0.0000000000000000e+000
+0.0000000000000000e+000
-1.7115477615837796e-012
+0.0000000000000000e+000
+0.0000000000000000e+000
+5.1322188929832384e-012
+0.0000000000000000e+000
+0.0000000000000000e+000
+2.6400136698089199e-011
+0.0000000000000000e+000
+0.0000000000000000e+000
+1.6545796375066586e-011
+0.0000000000000000e+000
+0.0000000000000000e+000
+1.6355909707637381e-012
+0.0000000000000000e+000
+0.0000000000000000e+000
+5.1514007070539075e-012
+0.0000000000000000e+000
+0.0000000000000000e+000
+1.9544465409755126e-011
+0.0000000000000000e+000
+0.0000000000000000e+000
-1.1608586691151130e-011
+0.0000000000000000e+000
+0.0000000000000000e+000
-1.5144257262778650e-012
+0.0000000000000000e+000
+0.0000000000000000e+000
+5.1687707833855140e-012
+0.0000000000000000e+000
+0.0000000000000000e+000
+1.2656274104098859e-011
+0.0000000000000000e+000
+0.0000000000000000e+000
+7.0137774814542025e-012
+0.0000000000000000e+000
+0.0000000000000000e+000
+1.3814263276010454e-012
+0.0000000000000000e+000
+0.0000000000000000e+000
+5.1726179767148115e-012
+0.0000000000000000e+000
+0.0000000000000000e+000
+5.7433474674525395e-012
+0.0000000000000000e+000
+0.0000000000000000e+000
-2.8158724156851672e-012
+0.0000000000000000e+000
+0.0000000000000000e+000
-1.3053742623501353e-012
+0.0000000000000000e+000
+0.0000000000000000e+000
+5.1630694117094332e-012
+0.0000000000000000e+000
+0.0000000000000000e+000
-1.1580367094269403e-012
+0.0000000000000000e+000
+0.0000000000000000e+000
-1.1101715565998445e-012
+0.0000000000000000e+000
+0.0000000000000000e+000
+1.2930831855190499e-012
+0.0000000000000000e+000
+0.0000000000000000e+000
+5.1507147044862830e-012
+0.0000000000000000e+000
+0.0000000000000000e+000
-8.0353598899077072e-012
+0.0000000000000000e+000
+0.0000000000000000e+000
+4.9695642741647767e-012
+0.0000000000000000e+000
+0.0000000000000000e+000
-1.3105679232513046e-012
+0.0000000000000000e+000
+0.0000000000000000e+000
+5.1429047801085206e-012
+0.0000000000000000e+000
+0.0000000000000000e+000
-1.4900055462144911e-011
+0.0000000000000000e+000
+0.0000000000000000e+000
-8.8738141158253485e-012
+0.0000000000000000e+000
+0.0000000000000000e+000
+1.3872642871871778e-012
+0.0000000000000000e+000
+0.0000000000000000e+000
+5.1391566111178258e-012
+0.0000000000000000e+000
+0.0000000000000000e+000
-2.1761751163696727e-011
+0.0000000000000000e+000
+0.0000000000000000e+000
+1.2989106016359150e-011
+0.0000000000000000e+000
+0.0000000000000000e+000
-1.5296264423430694e-012
+0.0000000000000000e+000
+0.0000000000000000e+000
+5.1383982163983239e-012
+0.0000000000000000e+000
+0.0000000000000000e+000
-2.8623970114288212e-011
+0.0000000000000000e+000
+0.0000000000000000e+000
-1.7527283368555468e-011
+0.0000000000000000e+000
+0.0000000000000000e+000
+1.6752916353898636e-012
+0.0000000000000000e+000
+0.0000000000000000e+000
+5.1423838794529507e-012
+0.0000000000000000e+000
+0.0000000000000000e+000
-3.5492005952629770e-011
+0.0000000000000000e+000
+0.0000000000000000e+000
+2.2519205503165217e-011
+0.0000000000000000e+000
+0.0000000000000000e+000
-1.7698557388229686e-012
+0.0000000000000000e+000
+0.0000000000000000e+000
+5.1567940158748591e-012
+0.0000000000000000e+000
+0.0000000000000000e+000
-4.2381640454471475e-011
+0.0000000000000000e+000
+0.0000000000000000e+000
-2.7817654166529853e-011
+0.0000000000000000e+000
+0.0000000000000000e+000
+1.8029671241784706e-012
+0.0000000000000000e+000
+0.0000000000000000e+000
+5.2006515545989442e-012
+0.0000000000000000e+000
+0.0000000000000000e+000
-4.9332332645501921e-011
+0.0000000000000000e+000
+0.0000000000000000e+000
+3.3224937827268671e-011
+0.0000000000000000e+000
+0.0000000000000000e+000
-1.8101559174174709e-012
+0.0000000000000000e+000
+0.0000000000000000e+000
-7.6622069907626400e-012
+0.0000000000000000e+000
+0.0000000000000000e+000
-7.5420584349737505e-011
+0.0000000000000000e+000
+0.0000000000000000e+000
-3.6093462699550808e-012
+0.0000000000000000e+000
+0.0000000000000000e+000
+3.1644060572459511e-011
+0.0000000000000000e+000
+0.0000000000000000e+000
+5.3080674014401131e-012
+0.0000000000000000e+000
+0.0000000000000000e+000
+7.8012630883343304e-012
+0.0000000000000000e+000
+0.0000000000000000e+000
-7.9199171924560490e-011
+0.0000000000000000e+000
+0.0000000000000000e+000
+9.3938531670998417e-011
+0.0000000000000000e+000
+0.0000000000000000e+000
-3.9263617952844537e-011
+0.0000000000000000e+000
+0.0000000000000000e+000
+5.4535079586434981e-012
+0.0000000000000000e+000
