+0.0000000000000000e+000
+3.0000000000000000e+002
+0.0000000000000000e+000
+0.0000000000000000e+000
-2.0000000000000000e+001
+0.0000000000000000e+000
+0.0000000000000000e+000
+8.8259849548339844e+000
+0.0000000000000000e+000
+0.0000000000000000e+000
-9.8036777427573280e-016
+0.0000000000000000e+000
+0.0000000000000000e+000
+9.6180605769230763e+000
+0.0000000000000000e+000
+0.0000000000000000e+000
+2.7299348992000745e+002
+0.0000000000000000e+000
+0.0000000000000000e+000
-2.0509765119988856e+001
+0.0000000000000000e+000
+0.0000000000000000e+000
+1.0022667365182730e+001
+0.0000000000000000e+000
+0.0000000000000000e+000
+1.7950236155231232e+000
+0.0000000000000000e+000
+0.0000000000000000e+000
+1.0497990789271174e+001
+0.0000000000000000e+000
+0.0000000000000000e+000
+2.4609328628054857e+002
+0.0000000000000000e+000
+0.0000000000000000e+000
-1.9840540339199507e+001
+0.0000000000000000e+000
+0.0000000000000000e+000
+1.0594469806001293e+001
+0.0000000000000000e+000
+0.0000000000000000e+000
-9.3731995429528203e-001
+0.0000000000000000e+000
+0.0000000000000000e+000
+8.4864898442158267e+000
+0.0000000000000000e+000
+0.0000000000000000e+000
+2.2007889860756077e+002
+0.0000000000000000e+000
+0.0000000000000000e+000
-1.9181041170282146e+001
+0.0000000000000000e+000
+0.0000000000000000e+000
+1.0008078947374747e+001
+0.0000000000000000e+000
+0.0000000000000000e+000
+5.7733666355463564e-002
+0.0000000000000000e+000
+0.0000000000000000e+000
+1.1282949170814570e+001
+0.0000000000000000e+000
+0.0000000000000000e+000
+1.9472859089000468e+002
+0.0000000000000000e+000
+0.0000000000000000e+000
-1.8844420406051995e+001
+0.0000000000000000e+000
+0.0000000000000000e+000
+1.0110152198970471e+001
+0.0000000000000000e+000
+0.0000000000000000e+000
+9.5376211038124034e-002
+0.0000000000000000e+000
+0.0000000000000000e+000
+8.1738187174128374e+000
+0.0000000000000000e+000
+0.0000000000000000e+000
+1.6982567167339101e+002
+0.0000000000000000e+000
+0.0000000000000000e+000
-1.8509958418868496e+001
+0.0000000000000000e+000
+0.0000000000000000e+000
+1.0004840781804781e+001
+0.0000000000000000e+000
+0.0000000000000000e+000
-2.5334333678665938e-001
+0.0000000000000000e+000
+0.0000000000000000e+000
+1.0896990022881610e+001
+0.0000000000000000e+000
+0.0000000000000000e+000
+1.4536587516624380e+002
+0.0000000000000000e+000
+0.0000000000000000e+000
-1.8179736341852397e+001
+0.0000000000000000e+000
+0.0000000000000000e+000
+1.0103792333719367e+001
+0.0000000000000000e+000
+0.0000000000000000e+000
+4.0177066465854006e-001
+0.0000000000000000e+000
+0.0000000000000000e+000
+8.8558491040831750e+000
+0.0000000000000000e+000
+0.0000000000000000e+000
+1.2143516577260641e+002
+0.0000000000000000e+000
+0.0000000000000000e+000
-1.7716327748603657e+001
+0.0000000000000000e+000
+0.0000000000000000e+000
+1.0204620556153746e+001
+0.0000000000000000e+000
+0.0000000000000000e+000
-2.5052833100697208e-001
+0.0000000000000000e+000
+0.0000000000000000e+000
+1.0438317013437221e+001
+0.0000000000000000e+000
+0.0000000000000000e+000
+9.8526881357880441e+001
+0.0000000000000000e+000
+0.0000000000000000e+000
-1.6646098873485297e+001
+0.0000000000000000e+000
+0.0000000000000000e+000
+1.1014022756523786e+001
+0.0000000000000000e+000
+0.0000000000000000e+000
+1.4646316315620336e+000
+0.0000000000000000e+000
+0.0000000000000000e+000
+1.1561853593866035e+001
+0.0000000000000000e+000
+0.0000000000000000e+000
+7.7728698004150857e+001
+0.0000000000000000e+000
+0.0000000000000000e+000
-1.4551176157109062e+001
+0.0000000000000000e+000
+0.0000000000000000e+000
+1.1741661318040567e+001
+0.0000000000000000e+000
+0.0000000000000000e+000
-3.7317378928686268e-001
+0.0000000000000000e+000
+0.0000000000000000e+000
+1.0068148882389906e+001
+0.0000000000000000e+000
+0.0000000000000000e+000
+6.0010429740409876e+001
+0.0000000000000000e+000
+0.0000000000000000e+000
-1.2026226238502412e+001
+0.0000000000000000e+000
+0.0000000000000000e+000
+1.1659063559869409e+001
+0.0000000000000000e+000
+0.0000000000000000e+000
+2.4927715203012632e-001
+0.0000000000000000e+000
+0.0000000000000000e+000
+1.2667510248276832e+001
+0.0000000000000000e+000
+0.0000000000000000e+000
+4.5663456003338624e+001
+0.0000000000000000e+000
+0.0000000000000000e+000
-9.4942343671044576e+000
+0.0000000000000000e+000
+0.0000000000000000e+000
+1.1752224247227522e+001
+0.0000000000000000e+000
+0.0000000000000000e+000
-1.0953612099295475e-001
+0.0000000000000000e+000
+0.0000000000000000e+000
+9.7496332125828147e+000
+0.0000000000000000e+000
+0.0000000000000000e+000
+3.4696545063935304e+001
+0.0000000000000000e+000
+0.0000000000000000e+000
-6.9561320420005286e+000
+0.0000000000000000e+000
+0.0000000000000000e+000
+1.1668229240428367e+001
+0.0000000000000000e+000
+0.0000000000000000e+000
-1.6456389205777730e-002
+0.0000000000000000e+000
+0.0000000000000000e+000
+1.2739523005237725e+001
+0.0000000000000000e+000
+0.0000000000000000e+000
+2.7113622129998724e+001
+0.0000000000000000e+000
+0.0000000000000000e+000
-4.4182523589043470e+000
+0.0000000000000000e+000
+0.0000000000000000e+000
+1.1751890284215905e+001
+0.0000000000000000e+000
+0.0000000000000000e+000
+1.4194795488708198e-001
+0.0000000000000000e+000
+0.0000000000000000e+000
+9.9355350387309045e+000
+0.0000000000000000e+000
+0.0000000000000000e+000
+2.2584060278697908e+001
+0.0000000000000000e+000
+0.0000000000000000e+000
-2.3760904180468687e+000
+0.0000000000000000e+000
+0.0000000000000000e+000
+1.0924652627070312e+001
+0.0000000000000000e+000
+0.0000000000000000e+000
-1.3828044406054729e+000
+0.0000000000000000e+000
+0.0000000000000000e+000
+1.0349888142197816e+001
+0.0000000000000000e+000
+0.0000000000000000e+000
+2.0000000000000000e+001
+0.0000000000000000e+000
+0.0000000000000000e+000
-1.4999999999999973e+000
+0.0000000000000000e+000
+0.0000000000000000e+000
+1.0002782999999997e+001
+0.0000000000000000e+000
+0.0000000000000000e+000
+1.2119651772166178e-015
+0.0000000000000000e+000
+0.0000000000000000e+000
+9.6180605769230763e+000
+0.0000000000000000e+000
-3.2015256933935222e-014
-8.4333305493091478e-014
-1.0047109048464535e-013
-1.2691643385430317e-013
-1.1332107096603304e-013
-1.0991184511568689e-013
-7.5707697845309789e-014
-1.6150656827819123e-013
-9.0668856281429193e-014
-1.9060052769921488e-013
-9.4149910890073071e-014
-9.6919685074263939e-014
-2.3997942900725429e-013
-3.0290154431897887e-013
-1.4703051271249721e-013
