+1.5000000000001275e+000
+1.5000000000001275e+000
+1.9884365182852946e-002
+1.7420385171703401e+000
+1.5000000000001275e+000
+1.5000000000001275e+000
+1.5000000000001275e+000
+1.5000000000001275e+000
+5.9168680600142054e-001
+1.1702360763517781e+000
+1.5000000000001275e+000
+1.5000000000001275e+000
+1.5000000000001275e+000
+1.5000000000001275e+000
+5.2959473748713549e-003
+1.7566269349783239e+000
+1.5000000000001275e+000
+1.5000000000001275e+000
+1.5000000000001275e+000
+1.5000000000001275e+000
+1.0736919897059977e-001
+1.6545536833825982e+000
+1.5000000000001275e+000
+1.5000000000001275e+000
+1.5000000000001275e+000
+1.5000000000001275e+000
+2.0577818049070029e-003
+1.7598651005482890e+000
+1.5000000000001275e+000
+1.5000000000001275e+000
+1.5000000000001275e+000
+1.5000000000001275e+000
+1.0100933371949619e-001
+1.6609135486337021e+000
+1.5000000000001275e+000
+1.5000000000001275e+000
+1.5000000000001275e+000
+1.5000000000001275e+000
+2.0183755615387308e-001
+1.5600853261993242e+000
+1.5000000000001275e+000
+1.5000000000001275e+000
+1.5000000000001275e+000
+1.5000000000001275e+000
+1.0112397565239153e+000
+7.5068312582928420e-001
+1.5000000000001275e+000
+1.5000000000001275e+000
+1.5000000000001275e+000
+1.5000000000001275e+000
+1.7388783180406950e+000
+2.3044564312502597e-002
+1.5000000000001275e+000
+1.5000000000001275e+000
+1.5000000000001275e+000
+1.5000000000001275e+000
+1.6562805598695363e+000
+1.0564232248366137e-001
+1.5000000000001275e+000
+1.5000000000001275e+000
+1.5000000000001275e+000
+1.5000000000001275e+000
+1.7494412472276517e+000
+1.2481635125544909e-002
+1.5000000000001275e+000
+1.5000000000001275e+000
+1.5000000000001275e+000
+1.5000000000001275e+000
+1.6654462404284962e+000
+9.6476641924702747e-002
+1.5000000000001275e+000
+1.5000000000001275e+000
+1.5000000000001275e+000
+1.5000000000001275e+000
+1.7491072842160340e+000
+1.2815598137159746e-002
+1.5000000000001275e+000
+1.5000000000001275e+000
+1.5000000000001275e+000
+1.5000000000001275e+000
+9.2186962707043918e-001
+8.4005325528275876e-001
+1.5000000000001275e+000
+1.5000000000001275e+000
+7.3977557755788370e-001
+7.3977557755788370e-001
+6.1101435456815585e+000
+4.3502831209853623e+000
+7.3977557755788370e-001
+7.3977557755788370e-001
+7.3977557755788370e-001
+7.3977557755788370e-001
+3.2187123882781132e+000
+7.2417142783888098e+000
+7.3977557755788370e-001
+7.3977557755788370e-001
+7.3977557755788370e-001
+7.3977557755788370e-001
+8.0266726599322045e+000
+2.4337540067347176e+000
+7.3977557755788370e-001
+7.3977557755788370e-001
+7.3977557755788370e-001
+7.3977557755788370e-001
+2.1210828799317283e+000
+8.3393437867351938e+000
+7.3977557755788370e-001
+7.3977557755788370e-001
+7.3977557755788370e-001
+7.3977557755788370e-001
+7.9533846388022331e+000
+2.5070420278646877e+000
+7.3977557755788370e-001
+7.3977557755788370e-001
+7.3977557755788370e-001
+7.3977557755788370e-001
+3.1890724145350262e+000
+7.2713542521318963e+000
+7.3977557755788370e-001
+7.3977557755788370e-001
+7.3977557755788370e-001
+7.3977557755788370e-001
+6.8126812426875061e+000
+3.6477454239794160e+000
+7.3977557755788370e-001
+7.3977557755788370e-001
+7.3977557755788370e-001
+7.3977557755788370e-001
+6.3537499137622753e+000
+4.1066767529046473e+000
+7.3977557755788370e-001
+7.3977557755788370e-001
+7.3977557755788370e-001
+7.3977557755788370e-001
+3.7365086218573311e+000
+6.7239180448095928e+000
+7.3977557755788370e-001
+7.3977557755788370e-001
+7.3977557755788370e-001
+7.3977557755788370e-001
+7.8295746992203865e+000
+2.6308519674465334e+000
+7.3977557755788370e-001
+7.3977557755788370e-001
+7.3977557755788370e-001
+7.3977557755788370e-001
+2.3123362976394430e+000
+8.1480903690274769e+000
+7.3977557755788370e-001
+7.3977557755788370e-001
+7.3977557755788370e-001
+7.3977557755788370e-001
+8.2201031259883699e+000
+2.2403235406785500e+000
+7.3977557755788370e-001
+7.3977557755788370e-001
+7.3977557755788370e-001
+7.3977557755788370e-001
+2.4262253668266403e+000
+8.0342012998402801e+000
+7.3977557755788370e-001
+7.3977557755788370e-001
+7.3977557755788370e-001
+7.3977557755788370e-001
+5.6445664368003747e+000
+4.8158602298665478e+000
+7.3977557755788370e-001
+7.3977557755788370e-001
+7.3977557755788370e-001
+7.3977557755788370e-001
+4.4983857680587196e+000
+5.9620408986082021e+000
+7.3977557755788370e-001
+7.3977557755788370e-001
+2.5299348992000759e+002
+2.2609328628054874e+002
+2.0007889860756092e+002
+1.7472859089000491e+002
+1.4982567167339116e+002
+1.2536587516624391e+002
+1.0143516577260651e+002
+7.8526881357880555e+001
+5.7728698004150985e+001
+4.0010429740410004e+001
+2.5663456003338755e+001
+1.4696545063935432e+001
+7.1136221299988511e+000
+2.5840602786980384e+000
+2.0509765119988977e+001
+1.9840540339199634e+001
+1.9181041170282271e+001
+1.8844420406052123e+001
+1.8509958418868621e+001
+1.8179736341852525e+001
+1.7716327748603781e+001
+1.6646098873485428e+001
+1.4551176157109193e+001
+1.2026226238502538e+001
+9.4942343671045819e+000
+6.9561320420006574e+000
+4.4182523589044749e+000
+2.3760904180469975e+000
+5.0000000000011380e-001
+0.0000000000000000e+000
+0.0000000000000000e+000
+5.0000000000001643e-001
+5.0000000000008527e-001
+0.0000000000000000e+000
+0.0000000000000000e+000
+5.0000000000004141e-001
+5.0000000000007805e-001
+0.0000000000000000e+000
+0.0000000000000000e+000
+5.0000000000004730e-001
+5.0000000000006095e-001
+0.0000000000000000e+000
+0.0000000000000000e+000
+5.0000000000003575e-001
+5.0000000000007006e-001
+0.0000000000000000e+000
+0.0000000000000000e+000
+5.0000000000004763e-001
+5.0000000000008182e-001
+0.0000000000000000e+000
+0.0000000000000000e+000
+5.0000000000006128e-001
+5.0000000000010103e-001
+0.0000000000000000e+000
+0.0000000000000000e+000
+5.0000000000008149e-001
+5.0000000000005740e-001
+0.0000000000000000e+000
+0.0000000000000000e+000
+5.0000000000003852e-001
+5.0000000000010147e-001
+0.0000000000000000e+000
+0.0000000000000000e+000
+5.0000000000008327e-001
+5.0000000000005163e-001
+0.0000000000000000e+000
+0.0000000000000000e+000
+5.0000000000003375e-001
+5.0000000000015166e-001
+0.0000000000000000e+000
+0.0000000000000000e+000
+5.0000000000013423e-001
+4.9999999999995431e-001
+0.0000000000000000e+000
+0.0000000000000000e+000
+4.9999999999993716e-001
+5.0000000000002209e-001
+0.0000000000000000e+000
+0.0000000000000000e+000
+5.0000000000000511e-001
+4.9999999999997374e-001
+0.0000000000000000e+000
+0.0000000000000000e+000
+4.9999999999995681e-001
+5.0000000000019718e-001
+0.0000000000000000e+000
+0.0000000000000000e+000
+5.0000000000018063e-001
